val_loss,train_loss,psnr,ssim,epoch
1.1530424356460571,0.692940890789032,,,0
0.15073508024215698,0.10805793106555939,,,1
0.09725778549909592,0.09606395661830902,,,2
0.09225381165742874,0.08939573168754578,,,3
0.08361802250146866,0.07691003382205963,,,4
0.07031477987766266,0.07177043706178665,,,5
0.0721386969089508,0.07068963348865509,,,6
0.06700345128774643,0.06421980261802673,,,7
0.058193378150463104,0.05754968151450157,,,8
0.05449420586228371,0.05515928566455841,,,9
0.05467052757740021,0.054527413100004196,,,10
0.05248397961258888,0.05327127128839493,,,11
0.048442140221595764,0.048536062240600586,,,12
0.04612799733877182,0.04729039967060089,,,13
0.04684208706021309,0.04648139700293541,,,14
0.04494588449597359,0.046297695487737656,,,15
0.04562769830226898,0.04326289892196655,,,16
0.041872404515743256,0.042341459542512894,,,17
0.04066811501979828,0.043110936880111694,,,18
0.048180896788835526,0.04252395033836365,,,19
1.1306378841400146,0.3879418969154358,,,0
0.10188889503479004,0.1013624519109726,,,1
0.10098905861377716,0.09562286734580994,,,2
0.09413181245326996,0.09279340505599976,,,3
0.08723179250955582,0.08492904156446457,,,4
0.08222978562116623,0.08134841918945312,,,5
0.07705038785934448,0.07463368773460388,,,6
0.07007239758968353,0.07045914977788925,,,7
0.06509390473365784,0.06505995988845825,,,8
0.06244503706693649,0.06311076879501343,,,9
0.05702020600438118,0.05891893804073334,,,10
0.056884244084358215,0.05803525075316429,,,11
0.05399103835225105,0.05486549809575081,,,12
0.052571699023246765,0.05492343008518219,,,13
0.050672903656959534,0.052077144384384155,,,14
0.049920644611120224,0.051785100251436234,,,15
0.050416313111782074,0.05044737458229065,,,16
0.04840964078903198,0.05059163644909859,,,17
0.048580218106508255,0.048291515558958054,,,18
0.05340036377310753,0.049179527908563614,,,19
0.04563199356198311,0.0474218986928463,,,20
0.0465017631649971,0.047575756907463074,,,21
0.04663020744919777,0.04659653827548027,,,22
0.04903838783502579,0.04661247134208679,,,23
0.04665910080075264,0.04578603059053421,,,24
0.04498903825879097,0.04558283090591431,,,25
0.044480644166469574,0.04573619365692139,,,26
0.047734905034303665,0.04656200483441353,,,27
0.043460406363010406,0.045129965990781784,,,28
0.04407075420022011,0.04452682286500931,,,29
0.044339731335639954,0.045864004641771317,,,30
0.04743783175945282,0.04543294385075569,,,31
0.04283616691827774,0.04448839649558067,,,32
0.044234249740839005,0.044145114719867706,,,33
0.04182052984833717,0.04515111446380615,,,34
0.042709555476903915,0.04384109377861023,,,35
0.04410790279507637,0.04363405704498291,,,36
0.042988914996385574,0.043626800179481506,,,37
0.04236580431461334,0.04455527663230896,,,38
0.04406362399458885,0.04298241063952446,,,39
0.043664149940013885,0.04517798125743866,,,40
0.043993040919303894,0.04336032271385193,,,41
0.04260177165269852,0.044010087847709656,,,42
0.04459190368652344,0.04262156039476395,,,43
0.04309974983334541,0.04335134103894234,,,44
0.04108317196369171,0.043464239686727524,,,45
0.043858591467142105,0.04420287907123566,,,46
0.04335321485996246,0.04320612549781799,,,47
0.04243690147995949,0.04364970326423645,,,48
0.041613467037677765,0.04303321987390518,,,49
0.04202509671449661,0.044105686247348785,,,50
1.161929726600647,0.6417096257209778,,,0
0.4584699869155884,0.45748773217201233,,,1
0.4516168236732483,0.4501310884952545,,,2
0.4500129520893097,0.4466377794742584,,,3
0.4412025511264801,0.4395746886730194,,,4
0.4363182783126831,0.43706214427948,,,5
0.4331020712852478,0.4317716360092163,,,6
0.42818212509155273,0.4301052987575531,,,7
0.4257892072200775,0.42723190784454346,,,8
0.42362698912620544,0.4276273548603058,,,9
0.42437610030174255,0.42427530884742737,,,10
0.4220539629459381,0.4252655804157257,,,11
0.4241761863231659,0.4236151874065399,,,12
0.4220489263534546,0.42396900057792664,,,13
0.4206148087978363,0.42215976119041443,,,14
0.4226478636264801,0.4234636127948761,,,15
0.4225931465625763,0.4216286838054657,,,16
0.4211166203022003,0.4218538999557495,,,17
0.4180748462677002,0.4214083254337311,,,18
0.4205600321292877,0.4208153784275055,,,19
0.42027363181114197,0.4202937185764313,,,20
0.4162963032722473,0.4201139807701111,,,21
0.4185817241668701,0.419974148273468,,,22
0.4214245676994324,0.41970738768577576,,,23
0.41829216480255127,0.4194415807723999,,,24
0.4165022373199463,0.4199545383453369,2.985806703567505,0.44412732124328613,25
0.4181312620639801,0.4194153845310211,2.985806703567505,0.44412732124328613,26
0.42103227972984314,0.4192706346511841,2.985806703567505,0.44412732124328613,27
0.4159013032913208,0.4190186858177185,2.985806703567505,0.44412732124328613,28
0.4165058434009552,0.4186834990978241,2.985806703567505,0.44412732124328613,29
0.4174422025680542,0.41916903853416443,2.985806703567505,0.44412732124328613,30
0.4168059527873993,0.4192503094673157,2.985806703567505,0.44412732124328613,31
0.4157620966434479,0.3370208144187927,2.985806703567505,0.44412732124328613,32
0.08373802155256271,0.05426599085330963,2.985806703567505,0.44412732124328613,33
0.04785681143403053,0.04991383105516434,2.985806703567505,0.44412732124328613,34
0.04731586575508118,0.04632040858268738,2.985806703567505,0.44412732124328613,35
0.046805646270513535,0.047762431204319,2.985806703567505,0.44412732124328613,36
0.04613914713263512,0.046020641922950745,2.985806703567505,0.44412732124328613,37
0.04438919201493263,0.04698805883526802,2.985806703567505,0.44412732124328613,38
0.044408854097127914,0.04616672545671463,2.985806703567505,0.44412732124328613,39
0.04454900324344635,0.0462040975689888,2.985806703567505,0.44412732124328613,40
0.0414622500538826,0.044992417097091675,2.985806703567505,0.44412732124328613,41
0.04613953456282616,0.04484875500202179,2.985806703567505,0.44412732124328613,42
0.04631957784295082,0.044920455664396286,2.985806703567505,0.44412732124328613,43
0.044085316359996796,0.04509279131889343,2.985806703567505,0.44412732124328613,44
0.043787989765405655,0.044672925025224686,2.985806703567505,0.44412732124328613,45
0.04374540224671364,0.04513118043541908,2.985806703567505,0.44412732124328613,46
0.044584233313798904,0.04463869333267212,2.985806703567505,0.44412732124328613,47
0.048387493938207626,0.04504213109612465,2.985806703567505,0.44412732124328613,48
0.04318615794181824,0.043576695024967194,2.985806703567505,0.44412732124328613,49
0.04303388670086861,0.04439230635762215,22.38460350036621,0.781015932559967,50
