val_loss,train_loss,psnr,ssim,epoch
1.1324256658554077,1.1271684169769287,,,0
1.1195825338363647,1.117853045463562,,,1
1.1102608442306519,1.108135461807251,,,2
1.0999847650527954,1.0988519191741943,,,3
1.0912443399429321,1.0894160270690918,,,4
1.0818785429000854,1.0788238048553467,,,5
1.07036554813385,1.067137360572815,,,6
1.0557905435562134,1.0535565614700317,,,7
1.0424844026565552,1.037256121635437,,,8
1.0247005224227905,1.0176410675048828,,,9
1.002951741218567,0.989895761013031,,,10
0.9730580449104309,0.9532468318939209,,,11
0.9289642572402954,0.9051463603973389,,,12
0.8739926218986511,0.8412421345710754,,,13
0.7881435751914978,0.7501341700553894,,,14
0.7136489748954773,0.6887797117233276,,,15
0.6577091217041016,0.6338373422622681,,,16
0.6040706038475037,0.5777446031570435,,,17
0.5422138571739197,0.4812914729118347,,,18
0.4023033678531647,0.3777141571044922,,,19
0.3597441017627716,0.34833279252052307,,,20
0.333977073431015,0.3242960274219513,,,21
0.31093037128448486,0.30028313398361206,,,22
0.2870166301727295,0.27695074677467346,,,23
0.2631131708621979,0.2529495358467102,,,24
0.24018700420856476,0.2288990467786789,,,25
0.21554504334926605,0.20402485132217407,,,26
0.19070924818515778,0.17864705622196198,,,27
0.1631467342376709,0.15103387832641602,,,28
0.13456787168979645,0.11851957440376282,,,29
0.10259268432855606,0.10252117365598679,,,30
0.10204733908176422,0.10158241540193558,,,31
0.10140646994113922,0.10082755982875824,,,32
0.10077390819787979,0.10073181986808777,,,33
0.10096072405576706,0.10008233785629272,,,34
0.09869235754013062,0.1001727506518364,,,35
0.09811382740736008,0.09926509857177734,,,36
0.09936060011386871,0.09947433322668076,,,37
0.09884152561426163,0.09887029975652695,,,38
0.09807299822568893,0.09819714725017548,,,39
0.09752251952886581,0.0984480232000351,,,40
0.09690632671117783,0.09788352251052856,,,41
0.09752292186021805,0.09728210419416428,,,42
0.09604194760322571,0.09673431515693665,,,43
0.09738961607217789,0.09618997573852539,,,44
0.09588770568370819,0.09610701352357864,,,45
0.09501037746667862,0.09566377848386765,,,46
0.09539124369621277,0.09544334560632706,,,47
0.09522609412670135,0.09476612508296967,,,48
0.0938352569937706,0.09471909701824188,,,49
0.09453695267438889,0.09458206593990326,,,50
0.09433840960264206,0.09379300475120544,,,51
0.09419409930706024,0.0939965769648552,,,52
0.0934508889913559,0.09343791007995605,,,53
0.09180224686861038,0.0927077978849411,,,54
0.09186934679746628,0.09294550120830536,,,55
0.0924401581287384,0.09241379052400589,,,56
0.09147804230451584,0.09250834584236145,,,57
0.09180283546447754,0.0911523625254631,,,58
0.0914800837635994,0.09163232147693634,,,59
0.09076523035764694,0.09079165756702423,,,60
0.09034353494644165,0.09016437828540802,,,61
0.08945467323064804,0.08991925418376923,,,62
0.08964698761701584,0.08953773230314255,,,63
0.08912626653909683,0.08931419998407364,,,64
0.08876752853393555,0.08940400183200836,,,65
0.0875345766544342,0.08879512548446655,,,66
0.08865060657262802,0.08820068091154099,,,67
0.08818411082029343,0.08769819885492325,,,68
0.08676055818796158,0.08732042461633682,,,69
0.08628954738378525,0.08650993555784225,,,70
0.08650857210159302,0.08689255267381668,,,71
0.08609554171562195,0.08549315482378006,,,72
0.08515189588069916,0.08507190644741058,,,73
0.08611279726028442,0.0848853662610054,,,74
0.08435779064893723,0.08408016711473465,,,75
0.0842929482460022,0.084291972219944,,,76
0.08289029449224472,0.08291485160589218,,,77
0.08220181614160538,0.08278007805347443,,,78
0.0833391323685646,0.08229544013738632,,,79
0.08288189023733139,0.08171907812356949,,,80
0.08251483738422394,0.08173976838588715,,,81
0.08005466312170029,0.08108578622341156,,,82
0.08055026829242706,0.080830417573452,,,83
0.08043771237134933,0.08075999468564987,,,84
0.0793670043349266,0.07942666858434677,,,85
0.07895013689994812,0.0797191634774208,,,86
0.0776178240776062,0.07901299744844437,,,87
0.07795112580060959,0.07884998619556427,,,88
0.07822228223085403,0.07772698998451233,,,89
0.07722178101539612,0.0777178630232811,,,90
0.07717385143041611,0.07786677777767181,,,91
0.0754496231675148,0.07718714326620102,,,92
0.07683560252189636,0.07649774849414825,,,93
0.07543666660785675,0.07620466500520706,,,94
0.07589071989059448,0.07502661645412445,,,95
0.07523072510957718,0.07575834542512894,,,96
0.07463671267032623,0.07503483444452286,,,97
0.07409350574016571,0.07432549446821213,,,98
0.07348951697349548,0.07368472218513489,,,99
1.1462703943252563,1.148041009902954,,,0
1.1463876962661743,1.1428943872451782,,,1
1.1412358283996582,1.1397316455841064,,,2
1.1326161623001099,1.1346352100372314,,,3
1.137508511543274,1.125311255455017,,,4
1.1153435707092285,1.1098339557647705,,,5
1.0978025197982788,1.0929170846939087,,,6
1.0768781900405884,1.0737899541854858,,,7
1.0571011304855347,1.0479342937469482,,,8
1.0267930030822754,1.0146300792694092,,,9
0.9948433041572571,0.9748760461807251,,,10
0.9508095979690552,0.9302980303764343,,,11
0.9040399193763733,0.8741517663002014,,,12
0.8364933133125305,0.8033353686332703,,,13
0.7597306370735168,0.7142055630683899,,,14
0.6582205295562744,0.5810573697090149,,,15
0.4887046217918396,0.45047420263290405,,,16
0.4197930693626404,0.396882027387619,,,17
0.36983218789100647,0.3534091114997864,,,18
0.3345452845096588,0.3182200491428375,,,19
0.3004423975944519,0.2840309143066406,,,20
0.2658734619617462,0.247953861951828,,,21
0.22748501598834991,0.2075432389974594,,,22
0.18405672907829285,0.16225415468215942,,,23
0.13544178009033203,0.11769101023674011,,,24
0.10443923622369766,0.10411462187767029,,,25
0.10205376893281937,0.10396271198987961,,,26
0.10195114463567734,0.10402130335569382,,,27
0.10171719640493393,0.10344138741493225,,,28
0.10433287918567657,0.10340553522109985,,,29
0.10123272985219955,0.10280085355043411,,,30
0.10031875967979431,0.10238706320524216,,,31
0.10118620842695236,0.10217861086130142,,,32
0.100843645632267,0.10158346593379974,,,33
0.10019002109766006,0.10156267136335373,,,34
0.10050371289253235,0.10137457400560379,,,35
0.10096575319766998,0.1016283631324768,,,36
0.10074161738157272,0.10077491402626038,,,37
0.10045989602804184,0.10076676309108734,,,38
0.09996157139539719,0.10058417916297913,,,39
0.09994518011808395,0.10049596428871155,,,40
0.10004033148288727,0.10010582208633423,,,41
0.10068974643945694,0.0996105968952179,,,42
0.09790805727243423,0.0995873436331749,,,43
0.10040228068828583,0.0991741418838501,,,44
0.09880202263593674,0.099369116127491,,,45
0.09771496057510376,0.09873734414577484,,,46
0.09702817350625992,0.09827344864606857,,,47
0.09785281121730804,0.09813667833805084,,,48
0.09701433777809143,0.09867142140865326,,,49
0.09750748425722122,0.09825151413679123,,,50
0.0968688353896141,0.09681100398302078,,,51
0.0951724499464035,0.0969860851764679,,,52
0.09558103233575821,0.09638331085443497,,,53
0.09577261656522751,0.09725745022296906,,,54
0.09540865570306778,0.09612821042537689,,,55
0.09511487931013107,0.09521817415952682,,,56
0.09392016381025314,0.09558989852666855,,,57
0.09540708363056183,0.0956725925207138,,,58
0.09456108510494232,0.09468914568424225,,,59
0.09340209513902664,0.09458915144205093,,,60
0.09446229040622711,0.09453945606946945,,,61
0.09316354244947433,0.09379712492227554,,,62
0.09475543349981308,0.09346708655357361,,,63
0.09284760057926178,0.09334824979305267,,,64
0.09228471666574478,0.09288290143013,,,65
0.09145931154489517,0.09273476153612137,,,66
0.09223997592926025,0.09242483973503113,,,67
0.09070974588394165,0.09200162440538406,,,68
0.09001592546701431,0.0917845293879509,,,69
0.09026924520730972,0.09113535284996033,,,70
0.09015373140573502,0.09125912189483643,,,71
0.0904749259352684,0.09097885340452194,,,72
0.08969591557979584,0.0900302454829216,,,73
0.08889162540435791,0.08969239145517349,,,74
0.08866314589977264,0.08964591473340988,,,75
0.08807297050952911,0.08884840458631516,,,76
0.0879649966955185,0.08847883343696594,,,77
0.08753271400928497,0.08855495601892471,,,78
0.08650058507919312,0.08840376138687134,,,79
0.08587557077407837,0.08765780925750732,,,80
0.0856042355298996,0.08718390762805939,,,81
0.08676384389400482,0.08650719374418259,,,82
0.0860385075211525,0.08573228120803833,,,83
0.08494928479194641,0.08635353296995163,,,84
0.08432036638259888,0.08532686531543732,,,85
0.08424238115549088,0.0862177312374115,,,86
0.08470580726861954,0.08533608168363571,,,87
0.08338518440723419,0.0847296416759491,,,88
0.08362682163715363,0.08416656404733658,,,89
0.08438665419816971,0.08439848572015762,,,90
0.08237025141716003,0.08400358259677887,,,91
0.08243066817522049,0.08347425609827042,,,92
0.08285747468471527,0.08311557024717331,,,93
0.08080796897411346,0.08268046379089355,,,94
0.08123747259378433,0.08188509196043015,,,95
0.08105254918336868,0.0816018357872963,,,96
0.08096102625131607,0.08167596906423569,,,97
0.08018761873245239,0.0818331241607666,,,98
0.07982183992862701,0.08059493452310562,,,99
1.1576818227767944,1.16014564037323,,,0
1.1500508785247803,1.1430845260620117,,,1
1.1280301809310913,1.1193678379058838,,,2
1.1049391031265259,1.090525507926941,,,3
1.0775195360183716,1.0574806928634644,,,4
1.0377470254898071,1.0088428258895874,,,5
0.9722815752029419,0.9438255429267883,,,6
0.9068964123725891,0.8728897571563721,,,7
0.8342062830924988,0.7996309995651245,,,8
0.7616771459579468,0.7178195118904114,,,9
0.671098530292511,0.6293113827705383,,,10
0.5976160168647766,0.5725151896476746,,,11
0.5445094108581543,0.5268144607543945,,,12
0.5056053996086121,0.49148857593536377,,,13
0.47151899337768555,0.45823729038238525,,,14
0.43969637155532837,0.4236339330673218,,,15
0.4040021002292633,0.3865863084793091,,,16
0.36580702662467957,0.3464728891849518,,,17
0.32275015115737915,0.30130720138549805,,,18
0.2753300070762634,0.2553952932357788,,,19
0.23398280143737793,0.2180633693933487,,,20
0.19843444228172302,0.18263405561447144,,,21
0.16420835256576538,0.1453903466463089,,,22
0.1254018098115921,0.11190662533044815,,,23
0.10203496366739273,0.09905806183815002,,,24
0.09793677926063538,0.09895461052656174,,,25
0.09798698872327805,0.09830392897129059,,,26
0.09840478748083115,0.09808354824781418,,,27
0.09805678576231003,0.09894823282957077,,,28
0.09643401205539703,0.09799747914075851,,,29
0.09791329503059387,0.09729009121656418,,,30
0.09604386240243912,0.09773293882608414,,,31
0.09696386009454727,0.0968087688088417,,,32
0.09652511775493622,0.09699869155883789,,,33
0.09629000723361969,0.09678385406732559,,,34
0.09626562148332596,0.09606248140335083,,,35
0.09563463181257248,0.09557967633008957,,,36
0.09406981617212296,0.09587027877569199,,,37
0.0946003645658493,0.09556541591882706,,,38
0.09437086433172226,0.0952470600605011,,,39
0.09517452865839005,0.09513652324676514,,,40
0.09475280344486237,0.09468811005353928,,,41
0.09341903775930405,0.09445974975824356,,,42
0.09459217637777328,0.09399162977933884,,,43
0.09292004257440567,0.09411429613828659,,,44
0.09345462173223495,0.09379711747169495,,,45
0.0929359719157219,0.0934152603149414,,,46
0.09488198161125183,0.0937262699007988,,,47
0.09174642711877823,0.09301935136318207,,,48
0.09394506365060806,0.09261250495910645,,,49
0.09250901639461517,0.09211783856153488,,,50
0.09234575182199478,0.09219720214605331,,,51
0.09053029865026474,0.09208957105875015,,,52
0.09209633618593216,0.09232904762029648,,,53
0.09070388972759247,0.09133660793304443,,,54
0.0916321650147438,0.09123143553733826,,,55
0.09064451605081558,0.09079287201166153,,,56
0.09064969420433044,0.09100992232561111,,,57
0.08938298374414444,0.09057493507862091,,,58
0.08867289125919342,0.0895279124379158,,,59
0.08956775814294815,0.08976107090711594,,,60
0.08878550678491592,0.08950294554233551,,,61
0.08938127011060715,0.08889078348875046,,,62
0.08760150521993637,0.08832728862762451,,,63
0.08902188390493393,0.08804237097501755,,,64
0.08883603662252426,0.08842446655035019,,,65
0.08808939903974533,0.08757445961236954,,,66
0.08691361546516418,0.08722466230392456,,,67
0.08709679543972015,0.08767589926719666,,,68
0.08715569227933884,0.08681011199951172,,,69
0.08666625618934631,0.08671942353248596,,,70
0.08507289737462997,0.08626899868249893,,,71
0.08486901223659515,0.08550520241260529,,,72
0.08369425684213638,0.08594945818185806,,,73
0.08472141623497009,0.08473248779773712,,,74
0.08677100390195847,0.08475583046674728,,,75
0.08387558162212372,0.0845697894692421,,,76
0.08418236672878265,0.08440068364143372,,,77
0.08404794335365295,0.08339995890855789,,,78
0.0832199677824974,0.08293694257736206,,,79
0.08428681641817093,0.08337109535932541,,,80
0.0814882442355156,0.08282299339771271,,,81
0.08089882880449295,0.08217857778072357,,,82
0.0818706676363945,0.08205226063728333,,,83
0.08032193779945374,0.08153024315834045,,,84
0.08069336414337158,0.08148608356714249,,,85
0.08108975738286972,0.08033294975757599,,,86
0.07875634729862213,0.08081819117069244,,,87
0.080673448741436,0.07969508320093155,,,88
0.07839629799127579,0.08020264655351639,,,89
0.0795852318406105,0.07947029173374176,,,90
0.07828996330499649,0.0790804997086525,,,91
0.07868293672800064,0.07827319204807281,,,92
0.07896456867456436,0.07820307463407516,,,93
0.07792321592569351,0.07827411592006683,,,94
0.08006942272186279,0.07736761122941971,,,95
0.07681989669799805,0.07748068869113922,,,96
0.07646218687295914,0.07710793614387512,,,97
0.07697375863790512,0.07646943628787994,,,98
0.07577682286500931,0.07660175859928131,,,99
0.07556656748056412,0.07576996088027954,15.37572193145752,0.7602825164794922,100
0.07461342960596085,0.07608778029680252,15.37572193145752,0.7602825164794922,101
0.0745333805680275,0.07562807947397232,15.37572193145752,0.7602825164794922,102
0.07477293163537979,0.07575368881225586,15.37572193145752,0.7602825164794922,103
0.0740998312830925,0.07441011816263199,15.37572193145752,0.7602825164794922,104
0.07408962398767471,0.07453375309705734,15.37572193145752,0.7602825164794922,105
0.07372476160526276,0.07407893240451813,15.37572193145752,0.7602825164794922,106
0.07694092392921448,0.07409089058637619,15.37572193145752,0.7602825164794922,107
0.07258270680904388,0.07316794991493225,15.37572193145752,0.7602825164794922,108
0.07297424226999283,0.07359956949949265,15.37572193145752,0.7602825164794922,109
0.07136177271604538,0.07273252308368683,15.37572193145752,0.7602825164794922,110
0.07126446068286896,0.07299923151731491,15.37572193145752,0.7602825164794922,111
