val_loss,train_loss,psnr,ssim,epoch
0.8020296692848206,0.8010707497596741,,,1
0.7998230457305908,0.7979317903518677,,,2
0.7968305349349976,0.796339213848114,,,3
0.7958371639251709,0.795327365398407,,,4
0.7946752309799194,0.7936702370643616,,,5
0.7922835946083069,0.7893373370170593,,,6
0.7853283286094666,0.7800582051277161,,,7
0.7730892896652222,0.762850284576416,,,8
0.7502074241638184,0.7390685677528381,,,9
0.728528618812561,0.7183942198753357,,,10
0.7101162075996399,0.7001574039459229,,,11
0.6884911060333252,0.681710958480835,,,12
0.6736010909080505,0.6641863584518433,,,13
0.6563780903816223,0.6514768600463867,,,14
0.6425329446792603,0.6392059326171875,,,15
0.6325299739837646,0.6268907785415649,,,16
0.6233785152435303,0.6142376661300659,,,17
0.6095759868621826,0.6050670146942139,,,18
0.5901967883110046,0.5920740962028503,,,19
0.5814648270606995,0.5802246928215027,,,20
0.5725225210189819,0.5694602727890015,,,21
0.5684762597084045,0.5597453117370605,,,22
0.5547880530357361,0.5515159964561462,,,23
0.5481505393981934,0.5457918047904968,,,24
0.5407377481460571,0.5342965126037598,,,25
0.5320256948471069,0.5315238237380981,,,26
0.5243921279907227,0.5204467177391052,,,27
0.5179110765457153,0.5135043263435364,,,28
0.5120221376419067,0.508216142654419,,,29
0.5034593939781189,0.500159502029419,,,30
0.49458321928977966,0.4934936463832855,,,31
0.49395236372947693,0.4893436133861542,,,32
0.4820316731929779,0.48541975021362305,,,33
0.4786275029182434,0.4754317104816437,,,34
0.47144341468811035,0.46902894973754883,,,35
0.4735986888408661,0.4629122316837311,,,36
0.45771679282188416,0.4611288905143738,,,37
0.4508906900882721,0.4553333520889282,,,38
0.454071044921875,0.44642192125320435,,,39
0.44531095027923584,0.440383642911911,,,40
0.44062596559524536,0.43385013937950134,,,41
0.4315412938594818,0.4326714873313904,,,42
0.425279438495636,0.42625221610069275,,,43
0.4204257130622864,0.4177350699901581,,,44
0.4154069423675537,0.4114839434623718,,,45
0.40680792927742004,0.4058469235897064,,,46
0.3954893946647644,0.3948838412761688,,,47
0.3826920986175537,0.3902265727519989,,,48
0.37259945273399353,0.38227179646492004,,,49
0.3704937696456909,0.36523476243019104,,,50
0.36537089943885803,0.3638511300086975,,,51
0.3495851755142212,0.3493177592754364,,,52
0.3537193536758423,0.3393664062023163,,,53
0.3394692540168762,0.3282501995563507,,,54
0.3299528658390045,0.3206729590892792,,,55
0.3166930377483368,0.30799999833106995,,,56
0.3011116683483124,0.30490928888320923,,,57
0.2918027639389038,0.288144052028656,,,58
0.2825626730918884,0.28900977969169617,,,59
0.2880888879299164,0.27597054839134216,,,60
0.2773714065551758,0.2765864133834839,,,61
0.2753102481365204,0.27091532945632935,,,62
0.2531135678291321,0.259413480758667,,,63
0.24917146563529968,0.24995961785316467,,,64
0.25174495577812195,0.25028854608535767,,,65
0.2411804497241974,0.24735693633556366,,,66
0.23069621622562408,0.23299261927604675,,,67
0.23531125485897064,0.23369182646274567,,,68
0.231492280960083,0.2281951904296875,,,69
0.22068122029304504,0.22442743182182312,,,70
0.21762047708034515,0.22114865481853485,,,71
0.2137470543384552,0.2107425481081009,,,72
0.21313023567199707,0.21434462070465088,,,73
0.2072133719921112,0.2031707763671875,,,74
0.1942407339811325,0.20722408592700958,,,75
0.19709385931491852,0.2013746201992035,,,76
0.19752489030361176,0.19327355921268463,,,77
0.19179895520210266,0.1936182826757431,,,78
0.1836242973804474,0.1829252392053604,,,79
0.17759735882282257,0.18269753456115723,,,80
0.19273234903812408,0.18066845834255219,,,81
0.1812327802181244,0.17619159817695618,,,82
0.176585853099823,0.1740178018808365,,,83
0.18222707509994507,0.17655916512012482,,,84
0.17132490873336792,0.1772664338350296,,,85
0.17734362185001373,0.17305845022201538,,,86
0.1718742549419403,0.17099528014659882,,,87
0.17693771421909332,0.17543640732765198,,,88
0.17570775747299194,0.1756381243467331,,,89
0.1601555049419403,0.17202936112880707,,,90
0.16903521120548248,0.16504749655723572,,,91
0.16078689694404602,0.16833212971687317,,,92
0.17709772288799286,0.16237278282642365,,,93
0.16638308763504028,0.16644999384880066,,,94
0.16106390953063965,0.16172628104686737,,,95
0.1640213280916214,0.16490863263607025,,,96
0.15590950846672058,0.15413758158683777,,,97
0.15766486525535583,0.16537700593471527,,,98
0.16022978723049164,0.16552792489528656,,,99
0.1634650081396103,0.16277648508548737,19.689626693725586,0.42921724915504456,100
0.15971559286117554,0.16160839796066284,19.689626693725586,0.42921724915504456,101
0.15784670412540436,0.16085290908813477,19.689626693725586,0.42921724915504456,102
0.160798579454422,0.1589263379573822,19.689626693725586,0.42921724915504456,103
0.1534782350063324,0.16383081674575806,19.689626693725586,0.42921724915504456,104
0.15813283622264862,0.16207200288772583,19.689626693725586,0.42921724915504456,105
0.15407885611057281,0.15769335627555847,19.689626693725586,0.42921724915504456,106
0.15389448404312134,0.15922144055366516,19.689626693725586,0.42921724915504456,107
0.1583208590745926,0.15713267028331757,19.689626693725586,0.42921724915504456,108
0.16386032104492188,0.15851694345474243,19.689626693725586,0.42921724915504456,109
0.14902722835540771,0.15422646701335907,19.689626693725586,0.42921724915504456,110
0.15002965927124023,0.15611593425273895,19.689626693725586,0.42921724915504456,111
0.14749307930469513,0.15610159933567047,19.689626693725586,0.42921724915504456,112
0.14653414487838745,0.15531378984451294,19.689626693725586,0.42921724915504456,113
0.14502111077308655,0.1504296362400055,19.689626693725586,0.42921724915504456,114
0.14875999093055725,0.14863544702529907,19.689626693725586,0.42921724915504456,115
0.14295698702335358,0.15173307061195374,19.689626693725586,0.42921724915504456,116
0.1568210870027542,0.15281866490840912,19.689626693725586,0.42921724915504456,117
0.14970792829990387,0.15048937499523163,19.689626693725586,0.42921724915504456,118
0.14508162438869476,0.1495150625705719,19.689626693725586,0.42921724915504456,119
0.14650662243366241,0.15335939824581146,19.689626693725586,0.42921724915504456,120
0.1475868672132492,0.14622697234153748,19.689626693725586,0.42921724915504456,121
0.14350083470344543,0.1470981389284134,19.689626693725586,0.42921724915504456,122
0.13868196308612823,0.1455545425415039,19.689626693725586,0.42921724915504456,123
0.1406124234199524,0.14012554287910461,19.689626693725586,0.42921724915504456,124
0.13705192506313324,0.1478431522846222,19.689626693725586,0.42921724915504456,125
0.14654040336608887,0.15114825963974,19.689626693725586,0.42921724915504456,126
0.136386901140213,0.14549122750759125,19.689626693725586,0.42921724915504456,127
0.14158810675144196,0.1465217024087906,19.689626693725586,0.42921724915504456,128
0.14541451632976532,0.14670750498771667,19.689626693725586,0.42921724915504456,129
0.14741681516170502,0.14268262684345245,19.689626693725586,0.42921724915504456,130
0.14428462088108063,0.14304658770561218,19.689626693725586,0.42921724915504456,131
0.14321263134479523,0.14534683525562286,19.689626693725586,0.42921724915504456,132
0.14496593177318573,0.14224766194820404,19.689626693725586,0.42921724915504456,133
0.1296808123588562,0.1429135650396347,19.689626693725586,0.42921724915504456,134
0.13565434515476227,0.14584150910377502,19.689626693725586,0.42921724915504456,135
0.1414247304201126,0.13947950303554535,19.689626693725586,0.42921724915504456,136
0.14866581559181213,0.14464634656906128,19.689626693725586,0.42921724915504456,137
0.14176519215106964,0.13806279003620148,19.689626693725586,0.42921724915504456,138
0.13915759325027466,0.14055292308330536,19.689626693725586,0.42921724915504456,139
0.14242714643478394,0.1380290538072586,19.689626693725586,0.42921724915504456,140
0.14003926515579224,0.13756383955478668,19.689626693725586,0.42921724915504456,141
0.1396072506904602,0.14558808505535126,19.689626693725586,0.42921724915504456,142
0.14437749981880188,0.13643063604831696,19.689626693725586,0.42921724915504456,143
0.1347438395023346,0.14182926714420319,19.689626693725586,0.42921724915504456,144
0.13278383016586304,0.1430734395980835,19.689626693725586,0.42921724915504456,145
0.12719446420669556,0.140000581741333,19.689626693725586,0.42921724915504456,146
0.14369988441467285,0.1348913460969925,19.689626693725586,0.42921724915504456,147
0.14036457240581512,0.13947607576847076,19.689626693725586,0.42921724915504456,148
0.13762108981609344,0.13932837545871735,19.689626693725586,0.42921724915504456,149
0.1271291822195053,0.13806356489658356,19.689626693725586,0.42921724915504456,150
0.13332679867744446,0.14014697074890137,19.689626693725586,0.42921724915504456,151
0.14561216533184052,0.13606122136116028,19.689626693725586,0.42921724915504456,152
0.13591067492961884,0.13609129190444946,19.689626693725586,0.42921724915504456,153
0.14097760617733002,0.13994424045085907,19.689626693725586,0.42921724915504456,154
0.1464659869670868,0.13862024247646332,19.689626693725586,0.42921724915504456,155
0.14173327386379242,0.1384202539920807,19.689626693725586,0.42921724915504456,156
0.12980405986309052,0.13869808614253998,19.689626693725586,0.42921724915504456,157
0.1416800618171692,0.1385730355978012,19.689626693725586,0.42921724915504456,158
0.1307268589735031,0.14063069224357605,19.689626693725586,0.42921724915504456,159
0.13338305056095123,0.13981367647647858,19.689626693725586,0.42921724915504456,160
0.13296180963516235,0.13579443097114563,19.689626693725586,0.42921724915504456,161
0.13399964570999146,0.138417586684227,19.689626693725586,0.42921724915504456,162
0.1380281001329422,0.13765160739421844,19.689626693725586,0.42921724915504456,163
0.13657096028327942,0.13964922726154327,19.689626693725586,0.42921724915504456,164
0.14279377460479736,0.1380552053451538,19.689626693725586,0.42921724915504456,165
0.1347905993461609,0.13961942493915558,19.689626693725586,0.42921724915504456,166
0.13378776609897614,0.13879255950450897,19.689626693725586,0.42921724915504456,167
0.1345837116241455,0.1386171579360962,19.689626693725586,0.42921724915504456,168
0.13786886632442474,0.13731305301189423,19.689626693725586,0.42921724915504456,169
0.13925479352474213,0.13833965361118317,19.689626693725586,0.42921724915504456,170
0.15135975182056427,0.13746647536754608,19.689626693725586,0.42921724915504456,171
0.13050086796283722,0.13825292885303497,19.689626693725586,0.42921724915504456,172
0.1379118412733078,0.13856396079063416,19.689626693725586,0.42921724915504456,173
0.13168494403362274,0.1369219571352005,19.689626693725586,0.42921724915504456,174
0.1314765363931656,0.13587532937526703,19.689626693725586,0.42921724915504456,175
0.12785644829273224,0.13143427670001984,19.689626693725586,0.42921724915504456,176
0.13634413480758667,0.14087072014808655,19.689626693725586,0.42921724915504456,177
0.13495762646198273,0.135543093085289,19.689626693725586,0.42921724915504456,178
0.13740703463554382,0.13818135857582092,19.689626693725586,0.42921724915504456,179
0.14095453917980194,0.14325806498527527,19.689626693725586,0.42921724915504456,180
0.13086453080177307,0.13973990082740784,19.689626693725586,0.42921724915504456,181
0.13756734132766724,0.13077297806739807,19.689626693725586,0.42921724915504456,182
0.13502807915210724,0.13343767821788788,19.689626693725586,0.42921724915504456,183
0.13123895227909088,0.13731983304023743,19.689626693725586,0.42921724915504456,184
0.1345057189464569,0.13727423548698425,19.689626693725586,0.42921724915504456,185
0.14021113514900208,0.13656598329544067,19.689626693725586,0.42921724915504456,186
0.12830610573291779,0.13844728469848633,19.689626693725586,0.42921724915504456,187
0.13278153538703918,0.13426706194877625,19.689626693725586,0.42921724915504456,188
0.13779398798942566,0.13993185758590698,19.689626693725586,0.42921724915504456,189
0.1367555409669876,0.1352325677871704,19.689626693725586,0.42921724915504456,190
0.1337180733680725,0.1391085982322693,19.689626693725586,0.42921724915504456,191
0.13750696182250977,0.13283073902130127,19.689626693725586,0.42921724915504456,192
0.13406744599342346,0.13496609032154083,19.689626693725586,0.42921724915504456,193
0.140664204955101,0.14166377484798431,19.689626693725586,0.42921724915504456,194
0.140085831284523,0.1372709572315216,19.689626693725586,0.42921724915504456,195
0.13009610772132874,0.1353778839111328,19.689626693725586,0.42921724915504456,196
0.1325129121541977,0.13916026055812836,19.689626693725586,0.42921724915504456,197
0.12842385470867157,0.1375199258327484,19.689626693725586,0.42921724915504456,198
0.1352289766073227,0.13539332151412964,19.689626693725586,0.42921724915504456,199
0.13219980895519257,0.13963022828102112,19.983661651611328,0.4735364615917206,200
0.133388951420784,0.13835489749908447,19.983661651611328,0.4735364615917206,201
0.13544078171253204,0.14012925326824188,19.983661651611328,0.4735364615917206,202
0.13486400246620178,0.1407022327184677,19.983661651611328,0.4735364615917206,203
0.1385609358549118,0.13780160248279572,19.983661651611328,0.4735364615917206,204
0.13853171467781067,0.14353343844413757,19.983661651611328,0.4735364615917206,205
0.1336688995361328,0.13716137409210205,19.983661651611328,0.4735364615917206,206
0.1346907764673233,0.14029806852340698,19.983661651611328,0.4735364615917206,207
0.14480459690093994,0.1356360763311386,19.983661651611328,0.4735364615917206,208
0.138868510723114,0.1396661102771759,19.983661651611328,0.4735364615917206,209
0.14301572740077972,0.14009982347488403,19.983661651611328,0.4735364615917206,210
0.13835446536540985,0.13269223272800446,19.983661651611328,0.4735364615917206,211
0.13681268692016602,0.1401684284210205,19.983661651611328,0.4735364615917206,212
0.13981404900550842,0.13832688331604004,19.983661651611328,0.4735364615917206,213
0.13561247289180756,0.13841648399829865,19.983661651611328,0.4735364615917206,214
0.1313410848379135,0.13045832514762878,19.983661651611328,0.4735364615917206,215
0.1304265558719635,0.1424020230770111,19.983661651611328,0.4735364615917206,216
0.13546979427337646,0.13910464942455292,19.983661651611328,0.4735364615917206,217
0.1359703689813614,0.13569362461566925,19.983661651611328,0.4735364615917206,218
0.14168985188007355,0.1429264396429062,19.983661651611328,0.4735364615917206,219
0.1370583325624466,0.13412082195281982,19.983661651611328,0.4735364615917206,220
0.1345321536064148,0.13755148649215698,19.983661651611328,0.4735364615917206,221
0.1336105316877365,0.13825349509716034,19.983661651611328,0.4735364615917206,222
0.13539114594459534,0.1400579810142517,19.983661651611328,0.4735364615917206,223
0.13787715137004852,0.14283113181591034,19.983661651611328,0.4735364615917206,224
0.13619939982891083,0.13981476426124573,19.983661651611328,0.4735364615917206,225
0.13771215081214905,0.14280536770820618,19.983661651611328,0.4735364615917206,226
0.1372542381286621,0.13987523317337036,19.983661651611328,0.4735364615917206,227
0.13718880712985992,0.13065195083618164,19.983661651611328,0.4735364615917206,228
0.1317562311887741,0.13553042709827423,19.983661651611328,0.4735364615917206,229
0.14243218302726746,0.13617010414600372,19.983661651611328,0.4735364615917206,230
0.1265290379524231,0.13811959326267242,19.983661651611328,0.4735364615917206,231
0.1341913789510727,0.1343889981508255,19.983661651611328,0.4735364615917206,232
0.1359102874994278,0.13762614130973816,19.983661651611328,0.4735364615917206,233
0.1356952041387558,0.14245767891407013,19.983661651611328,0.4735364615917206,234
0.13642637431621552,0.13738682866096497,19.983661651611328,0.4735364615917206,235
0.14478732645511627,0.13866333663463593,19.983661651611328,0.4735364615917206,236
0.13298170268535614,0.13367608189582825,19.983661651611328,0.4735364615917206,237
0.1331472247838974,0.1337936371564865,19.983661651611328,0.4735364615917206,238
0.1358834058046341,0.14338544011116028,19.983661651611328,0.4735364615917206,239
0.13168340921401978,0.1341208815574646,19.983661651611328,0.4735364615917206,240
0.1315113753080368,0.13731789588928223,19.983661651611328,0.4735364615917206,241
0.13507305085659027,0.1372331827878952,19.983661651611328,0.4735364615917206,242
0.1299079954624176,0.14004042744636536,19.983661651611328,0.4735364615917206,243
0.13405969738960266,0.13785496354103088,19.983661651611328,0.4735364615917206,244
0.13008683919906616,0.1344410628080368,19.983661651611328,0.4735364615917206,245
0.13536526262760162,0.13799063861370087,19.983661651611328,0.4735364615917206,246
0.13478508591651917,0.13627539575099945,19.983661651611328,0.4735364615917206,247
0.1332259476184845,0.1303921639919281,19.983661651611328,0.4735364615917206,248
0.13964667916297913,0.13797837495803833,19.983661651611328,0.4735364615917206,249
0.13807079195976257,0.13556060194969177,19.983661651611328,0.4735364615917206,250
0.1324724406003952,0.1343381255865097,19.983661651611328,0.4735364615917206,251
0.13544107973575592,0.1320391148328781,19.983661651611328,0.4735364615917206,252
0.13502244651317596,0.132047638297081,19.983661651611328,0.4735364615917206,253
0.1397678554058075,0.14013275504112244,19.983661651611328,0.4735364615917206,254
0.1336413323879242,0.13840481638908386,19.983661651611328,0.4735364615917206,255
0.13573883473873138,0.1386360228061676,19.983661651611328,0.4735364615917206,256
0.13657425343990326,0.138876810669899,19.983661651611328,0.4735364615917206,257
0.13894112408161163,0.14079207181930542,19.983661651611328,0.4735364615917206,258
0.13354334235191345,0.13635922968387604,19.983661651611328,0.4735364615917206,259
0.1395033895969391,0.13626039028167725,19.983661651611328,0.4735364615917206,260
0.14579369127750397,0.13688413798809052,19.983661651611328,0.4735364615917206,261
0.14177456498146057,0.13412748277187347,19.983661651611328,0.4735364615917206,262
0.13612541556358337,0.13446035981178284,19.983661651611328,0.4735364615917206,263
0.14067423343658447,0.13525687158107758,19.983661651611328,0.4735364615917206,264
0.13062216341495514,0.13481484353542328,19.983661651611328,0.4735364615917206,265
0.14108683168888092,0.13270321488380432,19.983661651611328,0.4735364615917206,266
0.13460387289524078,0.14101864397525787,19.983661651611328,0.4735364615917206,267
0.13566868007183075,0.1383073925971985,19.983661651611328,0.4735364615917206,268
0.14248211681842804,0.13215728104114532,19.983661651611328,0.4735364615917206,269
0.13393794000148773,0.1391724795103073,19.983661651611328,0.4735364615917206,270
0.13256053626537323,0.13921724259853363,19.983661651611328,0.4735364615917206,271
0.13251382112503052,0.13525062799453735,19.983661651611328,0.4735364615917206,272
0.1458023488521576,0.140119269490242,19.983661651611328,0.4735364615917206,273
0.12924480438232422,0.1384822130203247,19.983661651611328,0.4735364615917206,274
0.14144131541252136,0.1338561773300171,19.983661651611328,0.4735364615917206,275
0.12896674871444702,0.13711988925933838,19.983661651611328,0.4735364615917206,276
0.12857751548290253,0.13490678369998932,19.983661651611328,0.4735364615917206,277
0.13359324634075165,0.1386008858680725,19.983661651611328,0.4735364615917206,278
0.14796611666679382,0.1406112015247345,19.983661651611328,0.4735364615917206,279
0.13468493521213531,0.13998864591121674,19.983661651611328,0.4735364615917206,280
0.13356859982013702,0.13561417162418365,19.983661651611328,0.4735364615917206,281
0.12879310548305511,0.1347801834344864,19.983661651611328,0.4735364615917206,282
0.13692103326320648,0.1370174139738083,19.983661651611328,0.4735364615917206,283
0.14098721742630005,0.1396227926015854,19.983661651611328,0.4735364615917206,284
0.13378925621509552,0.13465139269828796,19.983661651611328,0.4735364615917206,285
0.13931801915168762,0.13693538308143616,19.983661651611328,0.4735364615917206,286
0.1275096833705902,0.1355534791946411,19.983661651611328,0.4735364615917206,287
0.1350415199995041,0.14054112136363983,19.983661651611328,0.4735364615917206,288
0.13263987004756927,0.13917414844036102,19.983661651611328,0.4735364615917206,289
0.12983663380146027,0.13511742651462555,19.983661651611328,0.4735364615917206,290
0.14174330234527588,0.1393508017063141,19.983661651611328,0.4735364615917206,291
0.1407630294561386,0.13952161371707916,19.983661651611328,0.4735364615917206,292
0.13409700989723206,0.1372574120759964,19.983661651611328,0.4735364615917206,293
0.1369021236896515,0.1347099095582962,19.983661651611328,0.4735364615917206,294
0.13971754908561707,0.13503779470920563,19.983661651611328,0.4735364615917206,295
0.13658080995082855,0.13737690448760986,19.983661651611328,0.4735364615917206,296
0.13423626124858856,0.1364123374223709,19.983661651611328,0.4735364615917206,297
0.1382368952035904,0.1348119080066681,19.983661651611328,0.4735364615917206,298
0.12830974161624908,0.13797838985919952,19.983661651611328,0.4735364615917206,299
0.13659587502479553,0.13601626455783844,20.125789642333984,0.47378531098365784,300
0.13137270510196686,0.13351482152938843,20.125789642333984,0.47378531098365784,301
0.13268959522247314,0.13423745334148407,20.125789642333984,0.47378531098365784,302
0.13085532188415527,0.13745081424713135,20.125789642333984,0.47378531098365784,303
0.13466109335422516,0.1383710354566574,20.125789642333984,0.47378531098365784,304
0.1470920741558075,0.13871321082115173,20.125789642333984,0.47378531098365784,305
0.13108405470848083,0.1341271549463272,20.125789642333984,0.47378531098365784,306
0.1321612000465393,0.13384579122066498,20.125789642333984,0.47378531098365784,307
0.14022187888622284,0.13501954078674316,20.125789642333984,0.47378531098365784,308
0.14304687082767487,0.13552244007587433,20.125789642333984,0.47378531098365784,309
0.12941202521324158,0.13507525622844696,20.125789642333984,0.47378531098365784,310
0.12982012331485748,0.1342814564704895,20.125789642333984,0.47378531098365784,311
0.1327645182609558,0.1339714676141739,20.125789642333984,0.47378531098365784,312
0.13370069861412048,0.1361597180366516,20.125789642333984,0.47378531098365784,313
0.1397375762462616,0.13414669036865234,20.125789642333984,0.47378531098365784,314
0.14238283038139343,0.13200490176677704,20.125789642333984,0.47378531098365784,315
0.13001680374145508,0.13387759029865265,20.125789642333984,0.47378531098365784,316
0.14123953878879547,0.13812969624996185,20.125789642333984,0.47378531098365784,317
0.1350705325603485,0.13017638027668,20.125789642333984,0.47378531098365784,318
0.13567979633808136,0.13402116298675537,20.125789642333984,0.47378531098365784,319
0.13895489275455475,0.13717158138751984,20.125789642333984,0.47378531098365784,320
0.1338728815317154,0.138943150639534,20.125789642333984,0.47378531098365784,321
0.13921527564525604,0.13435305655002594,20.125789642333984,0.47378531098365784,322
0.1367814987897873,0.1431092917919159,20.125789642333984,0.47378531098365784,323
0.14310304820537567,0.13237373530864716,20.125789642333984,0.47378531098365784,324
0.13106834888458252,0.13963168859481812,20.125789642333984,0.47378531098365784,325
0.13431213796138763,0.13458818197250366,20.125789642333984,0.47378531098365784,326
0.1416798084974289,0.14084522426128387,20.125789642333984,0.47378531098365784,327
0.13316377997398376,0.13119195401668549,20.125789642333984,0.47378531098365784,328
0.13589979708194733,0.14204899966716766,20.125789642333984,0.47378531098365784,329
0.13508297502994537,0.14034555852413177,20.125789642333984,0.47378531098365784,330
0.1357981264591217,0.1343373954296112,20.125789642333984,0.47378531098365784,331
0.1307922899723053,0.13756980001926422,20.125789642333984,0.47378531098365784,332
0.13246293365955353,0.13478203117847443,20.125789642333984,0.47378531098365784,333
0.13565734028816223,0.1322823166847229,20.125789642333984,0.47378531098365784,334
0.13732804358005524,0.135856494307518,20.125789642333984,0.47378531098365784,335
0.13774935901165009,0.1338280737400055,20.125789642333984,0.47378531098365784,336
0.13571637868881226,0.1329638808965683,20.125789642333984,0.47378531098365784,337
0.1351773887872696,0.13883765041828156,20.125789642333984,0.47378531098365784,338
0.12676361203193665,0.13485193252563477,20.125789642333984,0.47378531098365784,339
0.12630335986614227,0.13690020143985748,20.125789642333984,0.47378531098365784,340
0.1340373009443283,0.1371367871761322,20.125789642333984,0.47378531098365784,341
0.13467378914356232,0.138645201921463,20.125789642333984,0.47378531098365784,342
0.13515552878379822,0.1343863308429718,20.125789642333984,0.47378531098365784,343
0.13369980454444885,0.13920314610004425,20.125789642333984,0.47378531098365784,344
0.14493992924690247,0.1351211965084076,20.125789642333984,0.47378531098365784,345
0.13638874888420105,0.13775885105133057,20.125789642333984,0.47378531098365784,346
0.14094498753547668,0.13348150253295898,20.125789642333984,0.47378531098365784,347
0.13676613569259644,0.13168376684188843,20.125789642333984,0.47378531098365784,348
0.13555900752544403,0.13800394535064697,20.125789642333984,0.47378531098365784,349
0.13707590103149414,0.13640375435352325,20.125789642333984,0.47378531098365784,350
0.1338997185230255,0.13747753202915192,20.125789642333984,0.47378531098365784,351
0.13330186903476715,0.14002923667430878,20.125789642333984,0.47378531098365784,352
0.12961749732494354,0.13533622026443481,20.125789642333984,0.47378531098365784,353
0.1354614645242691,0.13331180810928345,20.125789642333984,0.47378531098365784,354
0.13680580258369446,0.1433151811361313,20.125789642333984,0.47378531098365784,355
0.1377166360616684,0.1332361400127411,20.125789642333984,0.47378531098365784,356
0.13676488399505615,0.13438338041305542,20.125789642333984,0.47378531098365784,357
0.13268153369426727,0.13955190777778625,20.125789642333984,0.47378531098365784,358
0.13495385646820068,0.13624119758605957,20.125789642333984,0.47378531098365784,359
0.13395239412784576,0.13829125463962555,20.125789642333984,0.47378531098365784,360
0.13377846777439117,0.1375964879989624,20.125789642333984,0.47378531098365784,361
0.14401789009571075,0.13785512745380402,20.125789642333984,0.47378531098365784,362
0.13970644772052765,0.13178755342960358,20.125789642333984,0.47378531098365784,363
0.1399550437927246,0.1331673562526703,20.125789642333984,0.47378531098365784,364
0.1337321400642395,0.13820669054985046,20.125789642333984,0.47378531098365784,365
0.1417602151632309,0.1366177797317505,20.125789642333984,0.47378531098365784,366
0.13464954495429993,0.13379494845867157,20.125789642333984,0.47378531098365784,367
0.13800093531608582,0.13930228352546692,20.125789642333984,0.47378531098365784,368
0.1334209144115448,0.13581997156143188,20.125789642333984,0.47378531098365784,369
0.13829541206359863,0.13776929676532745,20.125789642333984,0.47378531098365784,370
0.14468346536159515,0.13747607171535492,20.125789642333984,0.47378531098365784,371
0.13849541544914246,0.13290700316429138,20.125789642333984,0.47378531098365784,372
0.1334993541240692,0.13779862225055695,20.125789642333984,0.47378531098365784,373
0.14284944534301758,0.13950133323669434,20.125789642333984,0.47378531098365784,374
0.1297326385974884,0.14136430621147156,20.125789642333984,0.47378531098365784,375
0.14003460109233856,0.13823579251766205,20.125789642333984,0.47378531098365784,376
0.12689514458179474,0.13503192365169525,20.125789642333984,0.47378531098365784,377
0.13070359826087952,0.14326831698417664,20.125789642333984,0.47378531098365784,378
0.13023297488689423,0.13544684648513794,20.125789642333984,0.47378531098365784,379
0.12954877316951752,0.13557521998882294,20.125789642333984,0.47378531098365784,380
0.1323908269405365,0.13683049380779266,20.125789642333984,0.47378531098365784,381
0.13949920237064362,0.14040294289588928,20.125789642333984,0.47378531098365784,382
0.13894221186637878,0.13857442140579224,20.125789642333984,0.47378531098365784,383
0.139561727643013,0.13243241608142853,20.125789642333984,0.47378531098365784,384
0.1319320797920227,0.13384248316287994,20.125789642333984,0.47378531098365784,385
0.13098187744617462,0.13419486582279205,20.125789642333984,0.47378531098365784,386
0.13945429027080536,0.13717548549175262,20.125789642333984,0.47378531098365784,387
0.13628508150577545,0.132743239402771,20.125789642333984,0.47378531098365784,388
0.14114193618297577,0.13526345789432526,20.125789642333984,0.47378531098365784,389
0.13133330643177032,0.13394369184970856,20.125789642333984,0.47378531098365784,390
0.1313938945531845,0.13536480069160461,20.125789642333984,0.47378531098365784,391
0.1372888833284378,0.14247576892375946,20.125789642333984,0.47378531098365784,392
0.13253545761108398,0.1347731351852417,20.125789642333984,0.47378531098365784,393
0.13728977739810944,0.1369522660970688,20.125789642333984,0.47378531098365784,394
0.1332455724477768,0.13996204733848572,20.125789642333984,0.47378531098365784,395
0.1388147473335266,0.13837474584579468,20.125789642333984,0.47378531098365784,396
0.13811537623405457,0.13645772635936737,20.125789642333984,0.47378531098365784,397
0.13167911767959595,0.1344350427389145,20.125789642333984,0.47378531098365784,398
0.13421300053596497,0.13272294402122498,20.125789642333984,0.47378531098365784,399
0.1353929340839386,0.13925017416477203,20.027973175048828,0.4845176339149475,400
0.13220077753067017,0.1385880559682846,20.027973175048828,0.4845176339149475,401
0.13747908174991608,0.13606935739517212,20.027973175048828,0.4845176339149475,402
0.1405869871377945,0.1338449865579605,20.027973175048828,0.4845176339149475,403
0.13287052512168884,0.13334938883781433,20.027973175048828,0.4845176339149475,404
0.13400425016880035,0.13210295140743256,20.027973175048828,0.4845176339149475,405
0.14157259464263916,0.13751552999019623,20.027973175048828,0.4845176339149475,406
0.13214372098445892,0.1377212405204773,20.027973175048828,0.4845176339149475,407
0.13758108019828796,0.13699574768543243,20.027973175048828,0.4845176339149475,408
0.1308545172214508,0.13578012585639954,20.027973175048828,0.4845176339149475,409
0.13235752284526825,0.13763144612312317,20.027973175048828,0.4845176339149475,410
0.13615933060646057,0.13413187861442566,20.027973175048828,0.4845176339149475,411
0.13152852654457092,0.13610175251960754,20.027973175048828,0.4845176339149475,412
0.13038022816181183,0.1365537792444229,20.027973175048828,0.4845176339149475,413
0.13527056574821472,0.134916290640831,20.027973175048828,0.4845176339149475,414
0.13254858553409576,0.1316017061471939,20.027973175048828,0.4845176339149475,415
0.1334611028432846,0.1361658275127411,20.027973175048828,0.4845176339149475,416
0.13546763360500336,0.13282565772533417,20.027973175048828,0.4845176339149475,417
0.12849795818328857,0.1401681751012802,20.027973175048828,0.4845176339149475,418
0.13635094463825226,0.13941562175750732,20.027973175048828,0.4845176339149475,419
0.14174357056617737,0.13431794941425323,20.027973175048828,0.4845176339149475,420
0.13540227711200714,0.13900968432426453,20.027973175048828,0.4845176339149475,421
0.13968881964683533,0.14112114906311035,20.027973175048828,0.4845176339149475,422
0.13083814084529877,0.13737167418003082,20.027973175048828,0.4845176339149475,423
0.13263322412967682,0.1339578926563263,20.027973175048828,0.4845176339149475,424
0.1378428339958191,0.1351095587015152,20.027973175048828,0.4845176339149475,425
0.1410011649131775,0.1389942318201065,20.027973175048828,0.4845176339149475,426
0.14050941169261932,0.1374405026435852,20.027973175048828,0.4845176339149475,427
0.13833937048912048,0.13777993619441986,20.027973175048828,0.4845176339149475,428
0.13899670541286469,0.13841721415519714,20.027973175048828,0.4845176339149475,429
0.13308537006378174,0.13993631303310394,20.027973175048828,0.4845176339149475,430
0.13742534816265106,0.1374465972185135,20.027973175048828,0.4845176339149475,431
0.13997574150562286,0.13821838796138763,20.027973175048828,0.4845176339149475,432
0.13240854442119598,0.1373308002948761,20.027973175048828,0.4845176339149475,433
0.13596175611019135,0.13631965219974518,20.027973175048828,0.4845176339149475,434
0.13666847348213196,0.1299443244934082,20.027973175048828,0.4845176339149475,435
0.13147372007369995,0.13586020469665527,20.027973175048828,0.4845176339149475,436
0.1319185197353363,0.13621786236763,20.027973175048828,0.4845176339149475,437
0.144375741481781,0.13963621854782104,20.027973175048828,0.4845176339149475,438
0.13457582890987396,0.1373671293258667,20.027973175048828,0.4845176339149475,439
0.1296095848083496,0.14029954373836517,20.027973175048828,0.4845176339149475,440
0.13901500403881073,0.13904805481433868,20.027973175048828,0.4845176339149475,441
0.13401174545288086,0.13012228906154633,20.027973175048828,0.4845176339149475,442
0.1316712349653244,0.13594438135623932,20.027973175048828,0.4845176339149475,443
0.13149097561836243,0.13664060831069946,20.027973175048828,0.4845176339149475,444
0.13049361109733582,0.129980206489563,20.027973175048828,0.4845176339149475,445
0.13540849089622498,0.13876205682754517,20.027973175048828,0.4845176339149475,446
0.12882661819458008,0.13504764437675476,20.027973175048828,0.4845176339149475,447
0.13274861872196198,0.1358848214149475,20.027973175048828,0.4845176339149475,448
0.12991014122962952,0.1334698498249054,20.027973175048828,0.4845176339149475,449
0.14324851334095,0.13448190689086914,20.027973175048828,0.4845176339149475,450
0.13466374576091766,0.13446034491062164,20.027973175048828,0.4845176339149475,451
0.14637677371501923,0.13814443349838257,20.027973175048828,0.4845176339149475,452
0.1382608264684677,0.13114216923713684,20.027973175048828,0.4845176339149475,453
0.13404932618141174,0.1337212771177292,20.027973175048828,0.4845176339149475,454
0.1355900764465332,0.13546279072761536,20.027973175048828,0.4845176339149475,455
0.1401984989643097,0.1345749944448471,20.027973175048828,0.4845176339149475,456
0.12787653505802155,0.1378946602344513,20.027973175048828,0.4845176339149475,457
0.1347980797290802,0.13785076141357422,20.027973175048828,0.4845176339149475,458
0.13544820249080658,0.13132131099700928,20.027973175048828,0.4845176339149475,459
0.1336958408355713,0.13231468200683594,20.027973175048828,0.4845176339149475,460
0.12852801382541656,0.13626712560653687,20.027973175048828,0.4845176339149475,461
0.12887218594551086,0.1349809467792511,20.027973175048828,0.4845176339149475,462
0.13841940462589264,0.1353016048669815,20.027973175048828,0.4845176339149475,463
0.12935170531272888,0.13336694240570068,20.027973175048828,0.4845176339149475,464
0.12644250690937042,0.13491171598434448,20.027973175048828,0.4845176339149475,465
0.13586397469043732,0.13897350430488586,20.027973175048828,0.4845176339149475,466
0.1321536898612976,0.13320812582969666,20.027973175048828,0.4845176339149475,467
0.1305476278066635,0.13318446278572083,20.027973175048828,0.4845176339149475,468
0.13357579708099365,0.13634704053401947,20.027973175048828,0.4845176339149475,469
0.13153059780597687,0.13774412870407104,20.027973175048828,0.4845176339149475,470
0.1282084584236145,0.13286754488945007,20.027973175048828,0.4845176339149475,471
0.13343410193920135,0.1348220258951187,20.027973175048828,0.4845176339149475,472
0.1296585202217102,0.13457103073596954,20.027973175048828,0.4845176339149475,473
0.13313870131969452,0.13261789083480835,20.027973175048828,0.4845176339149475,474
0.13918669521808624,0.133878692984581,20.027973175048828,0.4845176339149475,475
0.13373209536075592,0.14180539548397064,20.027973175048828,0.4845176339149475,476
0.13572263717651367,0.13741648197174072,20.027973175048828,0.4845176339149475,477
0.1384860873222351,0.13404402136802673,20.027973175048828,0.4845176339149475,478
0.13719257712364197,0.13219568133354187,20.027973175048828,0.4845176339149475,479
0.1306586116552353,0.13964536786079407,20.027973175048828,0.4845176339149475,480
0.13662032783031464,0.1352127194404602,20.027973175048828,0.4845176339149475,481
0.13014592230319977,0.13639825582504272,20.027973175048828,0.4845176339149475,482
0.12661941349506378,0.13145235180854797,20.027973175048828,0.4845176339149475,483
0.1452602595090866,0.13978837430477142,20.027973175048828,0.4845176339149475,484
0.13035695254802704,0.1373356729745865,20.027973175048828,0.4845176339149475,485
0.13865923881530762,0.13831599056720734,20.027973175048828,0.4845176339149475,486
0.1340242177248001,0.1370794177055359,20.027973175048828,0.4845176339149475,487
0.1320870965719223,0.13944536447525024,20.027973175048828,0.4845176339149475,488
0.13235166668891907,0.13673999905586243,20.027973175048828,0.4845176339149475,489
0.13517464697360992,0.13220632076263428,20.027973175048828,0.4845176339149475,490
0.13765645027160645,0.13965527713298798,20.027973175048828,0.4845176339149475,491
0.13759344816207886,0.13426423072814941,20.027973175048828,0.4845176339149475,492
0.1404661387205124,0.13607923686504364,20.027973175048828,0.4845176339149475,493
0.12573406100273132,0.1378832906484604,20.027973175048828,0.4845176339149475,494
0.1337289661169052,0.13089428842067719,20.027973175048828,0.4845176339149475,495
0.13728615641593933,0.13678869605064392,20.027973175048828,0.4845176339149475,496
0.13440267741680145,0.1348634511232376,20.027973175048828,0.4845176339149475,497
0.12882277369499207,0.13654130697250366,20.027973175048828,0.4845176339149475,498
0.13742627203464508,0.1395263373851776,20.027973175048828,0.4845176339149475,499
0.12411592900753021,0.13356788456439972,20.303909301757812,0.4914834201335907,500
0.13337931036949158,0.13920047879219055,20.303909301757812,0.4914834201335907,501
0.13867086172103882,0.13233491778373718,20.303909301757812,0.4914834201335907,502
0.13429468870162964,0.13675090670585632,20.303909301757812,0.4914834201335907,503
0.13871212303638458,0.13505804538726807,20.303909301757812,0.4914834201335907,504
0.1339469701051712,0.13624826073646545,20.303909301757812,0.4914834201335907,505
0.13486772775650024,0.13582025468349457,20.303909301757812,0.4914834201335907,506
0.138963520526886,0.13687747716903687,20.303909301757812,0.4914834201335907,507
0.12971507012844086,0.13638760149478912,20.303909301757812,0.4914834201335907,508
0.1397564709186554,0.13547509908676147,20.303909301757812,0.4914834201335907,509
0.13470405340194702,0.1355762481689453,20.303909301757812,0.4914834201335907,510
0.12439237534999847,0.13714465498924255,20.303909301757812,0.4914834201335907,511
0.13047440350055695,0.1337515115737915,20.303909301757812,0.4914834201335907,512
0.13253507018089294,0.13697302341461182,20.303909301757812,0.4914834201335907,513
0.126953586935997,0.13410690426826477,20.303909301757812,0.4914834201335907,514
0.13678038120269775,0.13685889542102814,20.303909301757812,0.4914834201335907,515
0.1323041468858719,0.13259921967983246,20.303909301757812,0.4914834201335907,516
0.1336352825164795,0.1318470984697342,20.303909301757812,0.4914834201335907,517
0.13703283667564392,0.1308830976486206,20.303909301757812,0.4914834201335907,518
0.13545942306518555,0.13182418048381805,20.303909301757812,0.4914834201335907,519
0.13242703676223755,0.13522402942180634,20.303909301757812,0.4914834201335907,520
0.13703303039073944,0.1315993070602417,20.303909301757812,0.4914834201335907,521
0.13856172561645508,0.1353650838136673,20.303909301757812,0.4914834201335907,522
0.13668431341648102,0.13163898885250092,20.303909301757812,0.4914834201335907,523
0.1355094313621521,0.13163228332996368,20.303909301757812,0.4914834201335907,524
0.13058961927890778,0.137403666973114,20.303909301757812,0.4914834201335907,525
0.13475735485553741,0.13386942446231842,20.303909301757812,0.4914834201335907,526
0.1341753751039505,0.1350744366645813,20.303909301757812,0.4914834201335907,527
0.14048859477043152,0.13444869220256805,20.303909301757812,0.4914834201335907,528
0.13432897627353668,0.13676153123378754,20.303909301757812,0.4914834201335907,529
0.1302325278520584,0.13895437121391296,20.303909301757812,0.4914834201335907,530
0.13591480255126953,0.13598842918872833,20.303909301757812,0.4914834201335907,531
0.12932266294956207,0.1356198936700821,20.303909301757812,0.4914834201335907,532
0.12663431465625763,0.13513179123401642,20.303909301757812,0.4914834201335907,533
0.13337354362010956,0.13851229846477509,20.303909301757812,0.4914834201335907,534
0.1372770071029663,0.13204121589660645,20.303909301757812,0.4914834201335907,535
0.13020892441272736,0.1346965730190277,20.303909301757812,0.4914834201335907,536
0.13384349644184113,0.13676461577415466,20.303909301757812,0.4914834201335907,537
0.14357195794582367,0.13207891583442688,20.303909301757812,0.4914834201335907,538
0.12694014608860016,0.1335042417049408,20.303909301757812,0.4914834201335907,539
0.13247454166412354,0.13344739377498627,20.303909301757812,0.4914834201335907,540
0.12343441694974899,0.14080648124217987,20.303909301757812,0.4914834201335907,541
0.13094395399093628,0.13838030397891998,20.303909301757812,0.4914834201335907,542
0.1428702175617218,0.13541299104690552,20.303909301757812,0.4914834201335907,543
0.14132678508758545,0.136389821767807,20.303909301757812,0.4914834201335907,544
0.14114831387996674,0.1345147341489792,20.303909301757812,0.4914834201335907,545
0.13410256803035736,0.12959976494312286,20.303909301757812,0.4914834201335907,546
0.13100029528141022,0.14107467234134674,20.303909301757812,0.4914834201335907,547
0.14616651833057404,0.13690981268882751,20.303909301757812,0.4914834201335907,548
0.13151463866233826,0.1347181797027588,20.303909301757812,0.4914834201335907,549
0.12886981666088104,0.13251730799674988,20.303909301757812,0.4914834201335907,550
0.13860687613487244,0.13303178548812866,20.303909301757812,0.4914834201335907,551
0.13001687824726105,0.1349036544561386,20.303909301757812,0.4914834201335907,552
0.1400855928659439,0.1369880586862564,20.303909301757812,0.4914834201335907,553
0.13290032744407654,0.1385079026222229,20.303909301757812,0.4914834201335907,554
0.13401132822036743,0.13380739092826843,20.303909301757812,0.4914834201335907,555
0.13354608416557312,0.13804063200950623,20.303909301757812,0.4914834201335907,556
0.12904532253742218,0.1330367922782898,20.303909301757812,0.4914834201335907,557
0.13918256759643555,0.1316976547241211,20.303909301757812,0.4914834201335907,558
0.13128545880317688,0.13564418256282806,20.303909301757812,0.4914834201335907,559
0.13417842984199524,0.13179905712604523,20.303909301757812,0.4914834201335907,560
0.133262500166893,0.13674448430538177,20.303909301757812,0.4914834201335907,561
0.13057786226272583,0.13689568638801575,20.303909301757812,0.4914834201335907,562
0.1349247694015503,0.13385429978370667,20.303909301757812,0.4914834201335907,563
0.1321794092655182,0.13548776507377625,20.303909301757812,0.4914834201335907,564
0.14045317471027374,0.13970917463302612,20.303909301757812,0.4914834201335907,565
0.13636119663715363,0.1352875977754593,20.303909301757812,0.4914834201335907,566
0.1357446014881134,0.13367637991905212,20.303909301757812,0.4914834201335907,567
0.1325254887342453,0.1286756545305252,20.303909301757812,0.4914834201335907,568
0.14215020835399628,0.13763518631458282,20.303909301757812,0.4914834201335907,569
0.13278992474079132,0.13417372107505798,20.303909301757812,0.4914834201335907,570
0.13096335530281067,0.13073234260082245,20.303909301757812,0.4914834201335907,571
0.14163871109485626,0.1300906240940094,20.303909301757812,0.4914834201335907,572
0.12896078824996948,0.1326083540916443,20.303909301757812,0.4914834201335907,573
0.13915413618087769,0.1346665471792221,20.303909301757812,0.4914834201335907,574
0.128020778298378,0.13166433572769165,20.303909301757812,0.4914834201335907,575
0.1342148631811142,0.1371528059244156,20.303909301757812,0.4914834201335907,576
0.12886083126068115,0.135779470205307,20.303909301757812,0.4914834201335907,577
0.13303503394126892,0.13540400564670563,20.303909301757812,0.4914834201335907,578
0.12984777987003326,0.13648808002471924,20.303909301757812,0.4914834201335907,579
0.12938442826271057,0.13538354635238647,20.303909301757812,0.4914834201335907,580
0.1401686668395996,0.13618683815002441,20.303909301757812,0.4914834201335907,581
0.15092475712299347,0.13473162055015564,20.303909301757812,0.4914834201335907,582
0.13118699193000793,0.13811995089054108,20.303909301757812,0.4914834201335907,583
0.13584208488464355,0.13507254421710968,20.303909301757812,0.4914834201335907,584
0.14464935660362244,0.13781993091106415,20.303909301757812,0.4914834201335907,585
0.1339997947216034,0.13721895217895508,20.303909301757812,0.4914834201335907,586
0.14057278633117676,0.1326095312833786,20.303909301757812,0.4914834201335907,587
0.1304868906736374,0.13608354330062866,20.303909301757812,0.4914834201335907,588
0.13022418320178986,0.13729383051395416,20.303909301757812,0.4914834201335907,589
0.1324666440486908,0.13307541608810425,20.303909301757812,0.4914834201335907,590
0.13820596039295197,0.13435344398021698,20.303909301757812,0.4914834201335907,591
0.13645681738853455,0.140141099691391,20.303909301757812,0.4914834201335907,592
0.13940921425819397,0.13429167866706848,20.303909301757812,0.4914834201335907,593
0.13120824098587036,0.13463924825191498,20.303909301757812,0.4914834201335907,594
0.14092397689819336,0.13380587100982666,20.303909301757812,0.4914834201335907,595
0.13179178535938263,0.12953399121761322,20.303909301757812,0.4914834201335907,596
0.12786978483200073,0.13829131424427032,20.303909301757812,0.4914834201335907,597
0.13230633735656738,0.13515570759773254,20.303909301757812,0.4914834201335907,598
0.13104137778282166,0.13377778232097626,20.303909301757812,0.4914834201335907,599
0.13917845487594604,0.13915377855300903,20.12464714050293,0.48394012451171875,600
0.13913387060165405,0.13643518090248108,20.12464714050293,0.48394012451171875,601
0.13027293980121613,0.13457855582237244,20.12464714050293,0.48394012451171875,602
0.13223996758460999,0.13471345603466034,20.12464714050293,0.48394012451171875,603
0.13534517586231232,0.13447481393814087,20.12464714050293,0.48394012451171875,604
0.13696402311325073,0.13046930730342865,20.12464714050293,0.48394012451171875,605
0.13653776049613953,0.13575826585292816,20.12464714050293,0.48394012451171875,606
0.14264830946922302,0.13401153683662415,20.12464714050293,0.48394012451171875,607
0.13096317648887634,0.13780629634857178,20.12464714050293,0.48394012451171875,608
0.13144102692604065,0.13535623252391815,20.12464714050293,0.48394012451171875,609
0.13683924078941345,0.13687677681446075,20.12464714050293,0.48394012451171875,610
0.13045662641525269,0.14047685265541077,20.12464714050293,0.48394012451171875,611
0.13598452508449554,0.1327715665102005,20.12464714050293,0.48394012451171875,612
0.13560546934604645,0.13425372540950775,20.12464714050293,0.48394012451171875,613
0.13690562546253204,0.1332157403230667,20.12464714050293,0.48394012451171875,614
0.13857927918434143,0.13292886316776276,20.12464714050293,0.48394012451171875,615
0.13196203112602234,0.13584004342556,20.12464714050293,0.48394012451171875,616
0.13621783256530762,0.13315005600452423,20.12464714050293,0.48394012451171875,617
0.12730945646762848,0.1415262520313263,20.12464714050293,0.48394012451171875,618
0.13816313445568085,0.13304468989372253,20.12464714050293,0.48394012451171875,619
0.12978674471378326,0.13053953647613525,20.12464714050293,0.48394012451171875,620
0.13862502574920654,0.13603001832962036,20.12464714050293,0.48394012451171875,621
0.12319409847259521,0.13915762305259705,20.12464714050293,0.48394012451171875,622
0.1298421323299408,0.13621047139167786,20.12464714050293,0.48394012451171875,623
0.13040369749069214,0.13977359235286713,20.12464714050293,0.48394012451171875,624
0.13980716466903687,0.13119472563266754,20.12464714050293,0.48394012451171875,625
0.13640667498111725,0.1377265751361847,20.12464714050293,0.48394012451171875,626
0.13006769120693207,0.13735248148441315,20.12464714050293,0.48394012451171875,627
0.13636651635169983,0.1327715367078781,20.12464714050293,0.48394012451171875,628
0.13640308380126953,0.134786918759346,20.12464714050293,0.48394012451171875,629
0.1349051147699356,0.1361963152885437,20.12464714050293,0.48394012451171875,630
0.14238491654396057,0.13809415698051453,20.12464714050293,0.48394012451171875,631
0.1394244134426117,0.1374107450246811,20.12464714050293,0.48394012451171875,632
0.13906632363796234,0.13594917953014374,20.12464714050293,0.48394012451171875,633
0.13232071697711945,0.13319331407546997,20.12464714050293,0.48394012451171875,634
0.13636858761310577,0.1337730437517166,20.12464714050293,0.48394012451171875,635
0.1264457404613495,0.1385333389043808,20.12464714050293,0.48394012451171875,636
0.12669993937015533,0.13391904532909393,20.12464714050293,0.48394012451171875,637
0.13414591550827026,0.1342521756887436,20.12464714050293,0.48394012451171875,638
0.12619490921497345,0.13232344388961792,20.12464714050293,0.48394012451171875,639
0.13199345767498016,0.13555307686328888,20.12464714050293,0.48394012451171875,640
0.13482911884784698,0.13749825954437256,20.12464714050293,0.48394012451171875,641
0.12841090559959412,0.13471968472003937,20.12464714050293,0.48394012451171875,642
0.13142554461956024,0.13602538406848907,20.12464714050293,0.48394012451171875,643
0.12767614424228668,0.1339908391237259,20.12464714050293,0.48394012451171875,644
0.135524183511734,0.13097946345806122,20.12464714050293,0.48394012451171875,645
0.13252168893814087,0.13966162502765656,20.12464714050293,0.48394012451171875,646
0.13337825238704681,0.13609454035758972,20.12464714050293,0.48394012451171875,647
0.12738260626792908,0.13737308979034424,20.12464714050293,0.48394012451171875,648
0.12847138941287994,0.1355450600385666,20.12464714050293,0.48394012451171875,649
0.13215970993041992,0.13464398682117462,20.12464714050293,0.48394012451171875,650
0.1289590448141098,0.13454337418079376,20.12464714050293,0.48394012451171875,651
0.13263805210590363,0.13657422363758087,20.12464714050293,0.48394012451171875,652
0.12502871453762054,0.13538827002048492,20.12464714050293,0.48394012451171875,653
0.13521155714988708,0.13712948560714722,20.12464714050293,0.48394012451171875,654
0.13519111275672913,0.13925455510616302,20.12464714050293,0.48394012451171875,655
0.13162066042423248,0.13888601958751678,20.12464714050293,0.48394012451171875,656
0.13608978688716888,0.1389245092868805,20.12464714050293,0.48394012451171875,657
0.13203950226306915,0.13198578357696533,20.12464714050293,0.48394012451171875,658
0.1301906555891037,0.13300657272338867,20.12464714050293,0.48394012451171875,659
0.12247660011053085,0.13264979422092438,20.12464714050293,0.48394012451171875,660
0.13642138242721558,0.13305261731147766,20.12464714050293,0.48394012451171875,661
0.1321793496608734,0.13661082088947296,20.12464714050293,0.48394012451171875,662
0.13405954837799072,0.1349499672651291,20.12464714050293,0.48394012451171875,663
0.14378339052200317,0.1390363723039627,20.12464714050293,0.48394012451171875,664
0.1303980052471161,0.13358621299266815,20.12464714050293,0.48394012451171875,665
0.13271261751651764,0.1404697149991989,20.12464714050293,0.48394012451171875,666
0.14140161871910095,0.13648876547813416,20.12464714050293,0.48394012451171875,667
0.1377958357334137,0.13379281759262085,20.12464714050293,0.48394012451171875,668
0.14226461946964264,0.13319052755832672,20.12464714050293,0.48394012451171875,669
0.1266479790210724,0.13659553229808807,20.12464714050293,0.48394012451171875,670
0.13311369717121124,0.13330486416816711,20.12464714050293,0.48394012451171875,671
0.1323898434638977,0.13954512774944305,20.12464714050293,0.48394012451171875,672
0.131099671125412,0.1323847621679306,20.12464714050293,0.48394012451171875,673
0.12503495812416077,0.13433308899402618,20.12464714050293,0.48394012451171875,674
0.1324101984500885,0.14049053192138672,20.12464714050293,0.48394012451171875,675
0.13566571474075317,0.135407954454422,20.12464714050293,0.48394012451171875,676
0.13822545111179352,0.1319858729839325,20.12464714050293,0.48394012451171875,677
0.13527189195156097,0.13634935021400452,20.12464714050293,0.48394012451171875,678
0.1346307247877121,0.13675379753112793,20.12464714050293,0.48394012451171875,679
0.13293443620204926,0.13492852449417114,20.12464714050293,0.48394012451171875,680
0.1396045982837677,0.13430409133434296,20.12464714050293,0.48394012451171875,681
0.13161849975585938,0.1348283588886261,20.12464714050293,0.48394012451171875,682
0.1283949911594391,0.13358478248119354,20.12464714050293,0.48394012451171875,683
0.12693864107131958,0.13133381307125092,20.12464714050293,0.48394012451171875,684
0.12748366594314575,0.13320019841194153,20.12464714050293,0.48394012451171875,685
0.13444477319717407,0.13582934439182281,20.12464714050293,0.48394012451171875,686
0.13162581622600555,0.1333998143672943,20.12464714050293,0.48394012451171875,687
0.13029876351356506,0.13957341015338898,20.12464714050293,0.48394012451171875,688
0.1330595314502716,0.13395708799362183,20.12464714050293,0.48394012451171875,689
0.13698959350585938,0.1303633749485016,20.12464714050293,0.48394012451171875,690
0.13566233217716217,0.13262303173542023,20.12464714050293,0.48394012451171875,691
0.13816368579864502,0.1391025185585022,20.12464714050293,0.48394012451171875,692
0.13035953044891357,0.13342426717281342,20.12464714050293,0.48394012451171875,693
0.13730104267597198,0.1387137770652771,20.12464714050293,0.48394012451171875,694
0.12210524082183838,0.1381441056728363,20.12464714050293,0.48394012451171875,695
0.12908266484737396,0.13443037867546082,20.12464714050293,0.48394012451171875,696
0.13483524322509766,0.1371077001094818,20.12464714050293,0.48394012451171875,697
0.12982621788978577,0.13515768945217133,20.12464714050293,0.48394012451171875,698
0.1329852044582367,0.13665445148944855,20.12464714050293,0.48394012451171875,699
0.13372333347797394,0.13188984990119934,20.114360809326172,0.48837506771087646,700
