val_loss,train_loss,psnr,ssim,epoch
0.13865222036838531,0.1291370987892151,20.452913284301758,0.5153219699859619,900
0.12324609607458115,0.132435142993927,20.452913284301758,0.5153219699859619,901
0.13613112270832062,0.13127194344997406,20.452913284301758,0.5153219699859619,902
0.13750973343849182,0.13329583406448364,20.452913284301758,0.5153219699859619,903
0.13539105653762817,0.1352016180753708,20.452913284301758,0.5153219699859619,904
0.13315536081790924,0.1302558332681656,20.452913284301758,0.5153219699859619,905
0.13687890768051147,0.1340024471282959,20.452913284301758,0.5153219699859619,906
0.13183598220348358,0.1329648643732071,20.452913284301758,0.5153219699859619,907
0.1289345771074295,0.1301419734954834,20.452913284301758,0.5153219699859619,908
0.12682709097862244,0.13108180463314056,20.452913284301758,0.5153219699859619,909
0.1201910749077797,0.1314990073442459,20.452913284301758,0.5153219699859619,910
0.13787852227687836,0.1262996792793274,20.452913284301758,0.5153219699859619,911
0.12219317257404327,0.13067412376403809,20.452913284301758,0.5153219699859619,912
0.12396423518657684,0.12488812953233719,20.452913284301758,0.5153219699859619,913
0.12775960564613342,0.12459352612495422,20.452913284301758,0.5153219699859619,914
0.12413565814495087,0.1304415464401245,20.452913284301758,0.5153219699859619,915
0.131851464509964,0.13386006653308868,20.452913284301758,0.5153219699859619,916
0.13150392472743988,0.12668025493621826,20.452913284301758,0.5153219699859619,917
0.13001900911331177,0.13279829919338226,20.452913284301758,0.5153219699859619,918
0.11804509162902832,0.12544949352741241,20.452913284301758,0.5153219699859619,919
0.1250336766242981,0.12868259847164154,20.452913284301758,0.5153219699859619,920
0.12521782517433167,0.12702414393424988,20.452913284301758,0.5153219699859619,921
0.12150204926729202,0.12890183925628662,20.452913284301758,0.5153219699859619,922
0.1302366554737091,0.12606698274612427,20.452913284301758,0.5153219699859619,923
0.12554705142974854,0.1309196949005127,20.452913284301758,0.5153219699859619,924
0.12841662764549255,0.1308826208114624,20.452913284301758,0.5153219699859619,925
0.12974922358989716,0.12970152497291565,20.452913284301758,0.5153219699859619,926
0.1312759518623352,0.13161562383174896,20.452913284301758,0.5153219699859619,927
0.116488516330719,0.12303802371025085,20.452913284301758,0.5153219699859619,928
0.1304207444190979,0.12583956122398376,20.452913284301758,0.5153219699859619,929
0.125750333070755,0.12405954301357269,20.452913284301758,0.5153219699859619,930
0.12550170719623566,0.12334433197975159,20.452913284301758,0.5153219699859619,931
0.12381104379892349,0.12277402728796005,20.452913284301758,0.5153219699859619,932
0.12566155195236206,0.12480234354734421,20.452913284301758,0.5153219699859619,933
0.12280509620904922,0.1251799464225769,20.452913284301758,0.5153219699859619,934
0.11968225985765457,0.1214616671204567,20.452913284301758,0.5153219699859619,935
0.1270330548286438,0.12218581140041351,20.452913284301758,0.5153219699859619,936
0.11615221947431564,0.12108557671308517,20.452913284301758,0.5153219699859619,937
0.12360971421003342,0.12402471899986267,20.452913284301758,0.5153219699859619,938
0.12357066571712494,0.12713491916656494,20.452913284301758,0.5153219699859619,939
0.1272006779909134,0.12480844557285309,20.452913284301758,0.5153219699859619,940
0.1316169798374176,0.12591548264026642,20.452913284301758,0.5153219699859619,941
0.1273641586303711,0.12287262082099915,20.452913284301758,0.5153219699859619,942
0.12271516025066376,0.12287292629480362,20.452913284301758,0.5153219699859619,943
0.11694107949733734,0.12037443369626999,20.452913284301758,0.5153219699859619,944
0.12878935039043427,0.1231205090880394,20.452913284301758,0.5153219699859619,945
0.1205640658736229,0.12561914324760437,20.452913284301758,0.5153219699859619,946
0.11671122163534164,0.12432310730218887,20.452913284301758,0.5153219699859619,947
0.12014894187450409,0.12049717456102371,20.452913284301758,0.5153219699859619,948
0.11804453283548355,0.12262152880430222,20.452913284301758,0.5153219699859619,949
0.12218254804611206,0.1262039691209793,20.452913284301758,0.5153219699859619,950
0.12526845932006836,0.12391839921474457,20.452913284301758,0.5153219699859619,951
0.12679332494735718,0.11578879505395889,20.452913284301758,0.5153219699859619,952
0.12454603612422943,0.12034352123737335,20.452913284301758,0.5153219699859619,953
0.11893502622842789,0.11766090244054794,20.452913284301758,0.5153219699859619,954
0.11720558255910873,0.11860785633325577,20.452913284301758,0.5153219699859619,955
0.12273699045181274,0.1221376359462738,20.452913284301758,0.5153219699859619,956
0.12232053279876709,0.11824856698513031,20.452913284301758,0.5153219699859619,957
0.11942338198423386,0.12370926886796951,20.452913284301758,0.5153219699859619,958
0.1225164458155632,0.1225590780377388,20.452913284301758,0.5153219699859619,959
0.11983606219291687,0.1244286522269249,20.452913284301758,0.5153219699859619,960
0.11753145605325699,0.12340538948774338,20.452913284301758,0.5153219699859619,961
0.12279798090457916,0.1275864690542221,20.452913284301758,0.5153219699859619,962
0.11478837579488754,0.12228617817163467,20.452913284301758,0.5153219699859619,963
0.11176291108131409,0.1265915036201477,20.452913284301758,0.5153219699859619,964
0.1279277205467224,0.12370462715625763,20.452913284301758,0.5153219699859619,965
0.12901422381401062,0.11995450407266617,20.452913284301758,0.5153219699859619,966
0.12753935158252716,0.12220449000597,20.452913284301758,0.5153219699859619,967
0.11566656082868576,0.1193988248705864,20.452913284301758,0.5153219699859619,968
0.11976150423288345,0.12399229407310486,20.452913284301758,0.5153219699859619,969
0.1254378855228424,0.11893829703330994,20.452913284301758,0.5153219699859619,970
0.11986283957958221,0.12199325859546661,20.452913284301758,0.5153219699859619,971
0.12452192604541779,0.12154228985309601,20.452913284301758,0.5153219699859619,972
0.122584767639637,0.12047968804836273,20.452913284301758,0.5153219699859619,973
0.116475909948349,0.1195417195558548,20.452913284301758,0.5153219699859619,974
0.12047694623470306,0.12142875045537949,20.452913284301758,0.5153219699859619,975
0.12194209545850754,0.12027907371520996,20.452913284301758,0.5153219699859619,976
0.12905609607696533,0.12571372091770172,20.452913284301758,0.5153219699859619,977
0.12753534317016602,0.12140748649835587,20.452913284301758,0.5153219699859619,978
0.11931819468736649,0.11909463256597519,20.452913284301758,0.5153219699859619,979
0.11625587195158005,0.12585459649562836,20.452913284301758,0.5153219699859619,980
0.12408153712749481,0.11629930883646011,20.452913284301758,0.5153219699859619,981
0.11954894661903381,0.1228894367814064,20.452913284301758,0.5153219699859619,982
0.11738339066505432,0.12070868909358978,20.452913284301758,0.5153219699859619,983
0.11953583359718323,0.12213869392871857,20.452913284301758,0.5153219699859619,984
0.11892711371183395,0.11830779910087585,20.452913284301758,0.5153219699859619,985
0.12238599359989166,0.12583117187023163,20.452913284301758,0.5153219699859619,986
0.12520483136177063,0.12312851846218109,20.452913284301758,0.5153219699859619,987
0.11066489666700363,0.1247694343328476,20.452913284301758,0.5153219699859619,988
0.1221005916595459,0.12076722085475922,20.452913284301758,0.5153219699859619,989
0.1165769100189209,0.1197933778166771,20.452913284301758,0.5153219699859619,990
0.1186571717262268,0.12308540940284729,20.452913284301758,0.5153219699859619,991
0.12458859384059906,0.12225602567195892,20.452913284301758,0.5153219699859619,992
0.12702621519565582,0.12238224595785141,20.452913284301758,0.5153219699859619,993
0.11357743293046951,0.12190522253513336,20.452913284301758,0.5153219699859619,994
0.12327595800161362,0.11829858273267746,20.452913284301758,0.5153219699859619,995
0.12010493874549866,0.12054206430912018,20.452913284301758,0.5153219699859619,996
0.11740600317716599,0.1199369728565216,20.452913284301758,0.5153219699859619,997
0.1210162416100502,0.12321284413337708,20.452913284301758,0.5153219699859619,998
0.11878383904695511,0.12201273441314697,20.452913284301758,0.5153219699859619,999
0.11700523644685745,0.1212053969502449,,,1001
0.11747663468122482,0.12297007441520691,,,1002
0.11459090560674667,0.12197423726320267,,,1003
0.11920657753944397,0.12033605575561523,,,1004
0.12482768297195435,0.1194046214222908,,,1005
0.11987145245075226,0.1213420107960701,,,1006
0.1202881708741188,0.12037108093500137,,,1007
0.12244054675102234,0.12132853269577026,,,1008
0.11394893378019333,0.11789305508136749,,,1009
0.1203196793794632,0.12258738279342651,,,1010
0.11695616692304611,0.11860387027263641,,,1011
0.1208377406001091,0.11846877634525299,,,1012
0.11199421435594559,0.1195807084441185,,,1013
0.11863672733306885,0.11792396008968353,,,1014
0.12019667774438858,0.12216079980134964,,,1015
0.12073016166687012,0.11975095421075821,,,1016
0.11680995672941208,0.1205337643623352,,,1017
0.1199934184551239,0.11931975185871124,,,1018
0.1241268441081047,0.12484613806009293,,,1019
0.11741926521062851,0.11544548720121384,,,1020
0.11344139277935028,0.11921148002147675,,,1021
0.11705198884010315,0.11840815097093582,,,1022
0.11582503467798233,0.11666577309370041,,,1023
0.12541860342025757,0.1177840381860733,,,1024
0.118710458278656,0.11706838756799698,,,1025
0.10780078172683716,0.11797372251749039,,,1026
0.11824502795934677,0.11500153690576553,,,1027
0.1229611337184906,0.11552120745182037,,,1028
0.1213456466794014,0.1214500218629837,,,1029
0.12230386584997177,0.1184452623128891,,,1030
0.12208588421344757,0.11713369190692902,,,1031
0.12268849462270737,0.11711911857128143,,,1032
0.1085832267999649,0.11945798993110657,,,1033
0.12018514424562454,0.11685576289892197,,,1034
0.11981384456157684,0.11733315140008926,,,1035
0.11797763407230377,0.12037070095539093,,,1036
0.11707470566034317,0.12045321613550186,,,1037
0.11335279047489166,0.11719823628664017,,,1038
0.12393781542778015,0.11802434176206589,,,1039
0.11586688458919525,0.1190219298005104,,,1040
0.11772150546312332,0.11988110840320587,,,1041
0.11516355723142624,0.11810991168022156,,,1042
0.12009917944669724,0.12043385207653046,,,1043
0.12166017293930054,0.11947684735059738,,,1044
0.11440746486186981,0.11671798676252365,,,1045
0.11933507770299911,0.11951971799135208,,,1046
0.11792156845331192,0.11981621384620667,,,1047
0.11296647787094116,0.12003283947706223,,,1048
0.11901853233575821,0.11682599037885666,,,1049
0.11684885621070862,0.11515624076128006,,,1050
0.12233637273311615,0.11961860954761505,,,1051
0.11443594098091125,0.11831477284431458,,,1052
0.11946661025285721,0.11779898405075073,,,1053
0.11643466353416443,0.11977152526378632,,,1054
0.11953823268413544,0.11716628074645996,,,1055
0.1105024516582489,0.11729098856449127,,,1056
0.11034335196018219,0.11875678598880768,,,1057
0.1252288818359375,0.11755717545747757,,,1058
0.11827653646469116,0.11949170380830765,,,1059
0.11865335702896118,0.11818550527095795,,,1060
0.12391257286071777,0.1134282648563385,,,1061
0.10847076773643494,0.11728789657354355,,,1062
0.12149031460285187,0.11855198442935944,,,1063
0.12803131341934204,0.11432962864637375,,,1064
0.11483193933963776,0.12239756435155869,,,1065
0.11760309338569641,0.1213892325758934,,,1066
0.1216215267777443,0.1178085058927536,,,1067
0.11767669767141342,0.11395018547773361,,,1068
0.1157054528594017,0.11806955188512802,,,1069
0.1172705814242363,0.11914882063865662,,,1070
0.11755479127168655,0.11413935571908951,,,1071
0.11513791978359222,0.11744727194309235,,,1072
0.11486784368753433,0.11932196468114853,,,1073
0.12102321535348892,0.11646748334169388,,,1074
0.12171316891908646,0.11390020698308945,,,1075
0.11365081369876862,0.11431191116571426,,,1076
0.11590215563774109,0.11747510731220245,,,1077
0.11014925688505173,0.12103335559368134,,,1078
0.12376654148101807,0.11762020736932755,,,1079
0.1142861619591713,0.11492998152971268,,,1080
0.11325112730264664,0.11438167095184326,,,1081
0.10659999400377274,0.1186317652463913,,,1082
0.11312681436538696,0.1174556240439415,,,1083
0.11482429504394531,0.11516507714986801,,,1084
0.10940675437450409,0.11892317235469818,,,1085
0.11161602288484573,0.11563847213983536,,,1086
0.11723389476537704,0.11953351646661758,,,1087
0.11365754157304764,0.11682451516389847,,,1088
0.12011133879423141,0.11711690574884415,,,1089
0.1132095530629158,0.12003105878829956,,,1090
0.11701174080371857,0.11091844737529755,,,1091
0.11488744616508484,0.1181279867887497,,,1092
0.11975935846567154,0.12001971900463104,,,1093
0.1156146451830864,0.11857520788908005,,,1094
0.12601737678050995,0.1146848127245903,,,1095
0.11825218796730042,0.1185755506157875,,,1096
0.12242885679006577,0.11586464941501617,,,1097
0.11577047407627106,0.11866247653961182,,,1098
0.12018433958292007,0.11965139210224152,,,1099
0.11662653833627701,0.11756791174411774,21.01920509338379,0.5666490793228149,1100
0.11094964295625687,0.11753300577402115,21.01920509338379,0.5666490793228149,1101
0.11140838265419006,0.11973654478788376,21.01920509338379,0.5666490793228149,1102
0.11477844417095184,0.11623120307922363,21.01920509338379,0.5666490793228149,1103
0.12141390889883041,0.11671387404203415,21.01920509338379,0.5666490793228149,1104
0.12104853987693787,0.11447258293628693,21.01920509338379,0.5666490793228149,1105
0.11767154186964035,0.11631647497415543,21.01920509338379,0.5666490793228149,1106
0.11389213055372238,0.12149843573570251,21.01920509338379,0.5666490793228149,1107
0.1178639754652977,0.11914560943841934,21.01920509338379,0.5666490793228149,1108
0.12482506781816483,0.11871843039989471,21.01920509338379,0.5666490793228149,1109
0.11935801059007645,0.11703570932149887,21.01920509338379,0.5666490793228149,1110
0.12402980029582977,0.11676042526960373,21.01920509338379,0.5666490793228149,1111
0.1047370433807373,0.11655428260564804,21.01920509338379,0.5666490793228149,1112
0.12567035853862762,0.11355343461036682,21.01920509338379,0.5666490793228149,1113
0.11666692793369293,0.12058484554290771,21.01920509338379,0.5666490793228149,1114
0.10951583087444305,0.11161674559116364,21.01920509338379,0.5666490793228149,1115
0.11042825132608414,0.11628942936658859,21.01920509338379,0.5666490793228149,1116
0.11627354472875595,0.11688318103551865,21.01920509338379,0.5666490793228149,1117
0.1204601526260376,0.11316550523042679,21.01920509338379,0.5666490793228149,1118
0.11555153876543045,0.11370208114385605,21.01920509338379,0.5666490793228149,1119
0.10813318938016891,0.11786676198244095,21.01920509338379,0.5666490793228149,1120
0.11248094588518143,0.1166999563574791,21.01920509338379,0.5666490793228149,1121
0.11222612857818604,0.11667849123477936,21.01920509338379,0.5666490793228149,1122
0.11649619787931442,0.12151122093200684,21.01920509338379,0.5666490793228149,1123
0.114206463098526,0.11904536187648773,21.01920509338379,0.5666490793228149,1124
0.11621154099702835,0.1207384392619133,21.01920509338379,0.5666490793228149,1125
0.11089488118886948,0.11862361431121826,21.01920509338379,0.5666490793228149,1126
0.11221186071634293,0.11420613527297974,21.01920509338379,0.5666490793228149,1127
0.11388358473777771,0.11858047544956207,21.01920509338379,0.5666490793228149,1128
0.12074792385101318,0.11489363759756088,21.01920509338379,0.5666490793228149,1129
0.11866120249032974,0.11847079545259476,21.01920509338379,0.5666490793228149,1130
0.11213742196559906,0.12012727558612823,21.01920509338379,0.5666490793228149,1131
0.11326722800731659,0.1190197691321373,21.01920509338379,0.5666490793228149,1132
0.11127986013889313,0.11945366859436035,21.01920509338379,0.5666490793228149,1133
0.11569149792194366,0.11458414793014526,21.01920509338379,0.5666490793228149,1134
0.11474175751209259,0.11843419820070267,21.01920509338379,0.5666490793228149,1135
0.1169525608420372,0.11280470341444016,21.01920509338379,0.5666490793228149,1136
0.11162198334932327,0.11556152254343033,21.01920509338379,0.5666490793228149,1137
0.11047282814979553,0.12143370509147644,21.01920509338379,0.5666490793228149,1138
0.1115216314792633,0.1144515872001648,21.01920509338379,0.5666490793228149,1139
0.12422890961170197,0.1170511320233345,21.01920509338379,0.5666490793228149,1140
0.12221197783946991,0.12081468850374222,21.01920509338379,0.5666490793228149,1141
0.12071037292480469,0.11623194068670273,21.01920509338379,0.5666490793228149,1142
0.10910502076148987,0.11569855362176895,21.01920509338379,0.5666490793228149,1143
0.11672711372375488,0.11641746759414673,21.01920509338379,0.5666490793228149,1144
0.11191938072443008,0.11600968986749649,21.01920509338379,0.5666490793228149,1145
0.12216554582118988,0.11794084310531616,21.01920509338379,0.5666490793228149,1146
0.1124057024717331,0.119558185338974,21.01920509338379,0.5666490793228149,1147
0.11033117771148682,0.1180129423737526,21.01920509338379,0.5666490793228149,1148
0.11564112454652786,0.11853500455617905,21.01920509338379,0.5666490793228149,1149
0.10649147629737854,0.11720866709947586,21.01920509338379,0.5666490793228149,1150
0.11570489406585693,0.11344709992408752,21.01920509338379,0.5666490793228149,1151
0.1214628592133522,0.11723321676254272,21.01920509338379,0.5666490793228149,1152
0.11578845977783203,0.11618262529373169,21.01920509338379,0.5666490793228149,1153
0.11770015209913254,0.11855341494083405,21.01920509338379,0.5666490793228149,1154
0.11865340918302536,0.11416563391685486,21.01920509338379,0.5666490793228149,1155
0.1199088990688324,0.1179836094379425,21.01920509338379,0.5666490793228149,1156
0.12869428098201752,0.11670945584774017,21.01920509338379,0.5666490793228149,1157
0.11340775340795517,0.11844246089458466,21.01920509338379,0.5666490793228149,1158
0.11447685956954956,0.11586975306272507,21.01920509338379,0.5666490793228149,1159
0.12127801775932312,0.1176273301243782,21.01920509338379,0.5666490793228149,1160
0.11415399610996246,0.11801247298717499,21.01920509338379,0.5666490793228149,1161
0.116702601313591,0.11465315520763397,21.01920509338379,0.5666490793228149,1162
0.11881133168935776,0.11873891204595566,21.01920509338379,0.5666490793228149,1163
0.11419595777988434,0.11677534878253937,21.01920509338379,0.5666490793228149,1164
0.11376545578241348,0.11835560947656631,21.01920509338379,0.5666490793228149,1165
0.1199546679854393,0.11661960184574127,21.01920509338379,0.5666490793228149,1166
0.12230783700942993,0.11309323459863663,21.01920509338379,0.5666490793228149,1167
0.11698919534683228,0.11815304309129715,21.01920509338379,0.5666490793228149,1168
0.11409695446491241,0.11777117103338242,21.01920509338379,0.5666490793228149,1169
0.11447996646165848,0.11672467738389969,21.01920509338379,0.5666490793228149,1170
0.10844578593969345,0.1161981001496315,21.01920509338379,0.5666490793228149,1171
0.10448132455348969,0.11620941013097763,21.01920509338379,0.5666490793228149,1172
0.11276426911354065,0.11173179745674133,21.01920509338379,0.5666490793228149,1173
0.1076580286026001,0.11519312113523483,21.01920509338379,0.5666490793228149,1174
0.11944849789142609,0.11578977108001709,21.01920509338379,0.5666490793228149,1175
0.11611233651638031,0.11515059322118759,21.01920509338379,0.5666490793228149,1176
0.11324414610862732,0.11761166900396347,21.01920509338379,0.5666490793228149,1177
0.12463349103927612,0.11525881290435791,21.01920509338379,0.5666490793228149,1178
0.11322664469480515,0.11788632720708847,21.01920509338379,0.5666490793228149,1179
0.11583231389522552,0.11763778328895569,21.01920509338379,0.5666490793228149,1180
0.12597377598285675,0.11734262853860855,21.01920509338379,0.5666490793228149,1181
0.11123756319284439,0.11465524137020111,21.01920509338379,0.5666490793228149,1182
0.1172802522778511,0.11793114244937897,21.01920509338379,0.5666490793228149,1183
0.11131217330694199,0.12189888954162598,21.01920509338379,0.5666490793228149,1184
0.11461944133043289,0.11432179808616638,21.01920509338379,0.5666490793228149,1185
0.12320815771818161,0.11594924330711365,21.01920509338379,0.5666490793228149,1186
0.11570975184440613,0.11587293446063995,21.01920509338379,0.5666490793228149,1187
0.11487695574760437,0.11837825179100037,21.01920509338379,0.5666490793228149,1188
0.11791102588176727,0.11284586042165756,21.01920509338379,0.5666490793228149,1189
0.1130400076508522,0.11556702852249146,21.01920509338379,0.5666490793228149,1190
0.11372209340333939,0.11443829536437988,21.01920509338379,0.5666490793228149,1191
0.11418381333351135,0.11929050087928772,21.01920509338379,0.5666490793228149,1192
0.11565947532653809,0.11685102432966232,21.01920509338379,0.5666490793228149,1193
0.11735371500253677,0.11636434495449066,21.01920509338379,0.5666490793228149,1194
0.11528617143630981,0.11778298020362854,21.01920509338379,0.5666490793228149,1195
0.11278250068426132,0.11977868527173996,21.01920509338379,0.5666490793228149,1196
0.11925794184207916,0.12081366032361984,21.01920509338379,0.5666490793228149,1197
0.11787674576044083,0.1196444034576416,21.01920509338379,0.5666490793228149,1198
0.11947890371084213,0.11498253047466278,21.01920509338379,0.5666490793228149,1199
0.10774408280849457,0.11505750566720963,21.094539642333984,0.5666993260383606,1200
0.11373378336429596,0.11478976160287857,21.094539642333984,0.5666993260383606,1201
0.11221751570701599,0.12013038992881775,21.094539642333984,0.5666993260383606,1202
0.11407388746738434,0.1139807403087616,21.094539642333984,0.5666993260383606,1203
0.11530508100986481,0.11545239388942719,21.094539642333984,0.5666993260383606,1204
0.11248420178890228,0.11446662247180939,21.094539642333984,0.5666993260383606,1205
0.12101124972105026,0.11467789113521576,21.094539642333984,0.5666993260383606,1206
0.11164160817861557,0.11345978826284409,21.094539642333984,0.5666993260383606,1207
0.10609505325555801,0.11598630994558334,21.094539642333984,0.5666993260383606,1208
0.11425093561410904,0.11889886111021042,21.094539642333984,0.5666993260383606,1209
0.11169375479221344,0.11782956123352051,21.094539642333984,0.5666993260383606,1210
0.11264993995428085,0.11969712376594543,21.094539642333984,0.5666993260383606,1211
0.11818737536668777,0.11920888721942902,21.094539642333984,0.5666993260383606,1212
0.11268026381731033,0.11929421871900558,21.094539642333984,0.5666993260383606,1213
0.11904174089431763,0.11820897459983826,21.094539642333984,0.5666993260383606,1214
0.1114048883318901,0.11765390634536743,21.094539642333984,0.5666993260383606,1215
0.11644888669252396,0.11763259768486023,21.094539642333984,0.5666993260383606,1216
0.12118939310312271,0.11579675227403641,21.094539642333984,0.5666993260383606,1217
0.11407250165939331,0.11376757174730301,21.094539642333984,0.5666993260383606,1218
0.10982470959424973,0.11744904518127441,21.094539642333984,0.5666993260383606,1219
0.11892271786928177,0.11662845313549042,21.094539642333984,0.5666993260383606,1220
0.1119815781712532,0.11924157291650772,21.094539642333984,0.5666993260383606,1221
0.11276058107614517,0.11605530977249146,21.094539642333984,0.5666993260383606,1222
0.11177939921617508,0.11695058643817902,21.094539642333984,0.5666993260383606,1223
0.11854257434606552,0.11770154535770416,21.094539642333984,0.5666993260383606,1224
0.1171114519238472,0.11320123076438904,21.094539642333984,0.5666993260383606,1225
0.112529456615448,0.11522103101015091,21.094539642333984,0.5666993260383606,1226
0.12124056369066238,0.11495714634656906,21.094539642333984,0.5666993260383606,1227
0.1147095337510109,0.11420079320669174,21.094539642333984,0.5666993260383606,1228
0.11759494245052338,0.11781700700521469,21.094539642333984,0.5666993260383606,1229
0.11856763064861298,0.11607608199119568,21.094539642333984,0.5666993260383606,1230
0.11877073347568512,0.11822977662086487,21.094539642333984,0.5666993260383606,1231
0.1075998917222023,0.11600219458341599,21.094539642333984,0.5666993260383606,1232
0.11774911731481552,0.12019865214824677,21.094539642333984,0.5666993260383606,1233
0.10748662799596786,0.11928624659776688,21.094539642333984,0.5666993260383606,1234
0.11542172729969025,0.11509969085454941,21.094539642333984,0.5666993260383606,1235
0.10974287241697311,0.11754295974969864,21.094539642333984,0.5666993260383606,1236
0.11197306960821152,0.11592640727758408,21.094539642333984,0.5666993260383606,1237
0.11352407932281494,0.11686818301677704,21.094539642333984,0.5666993260383606,1238
0.11653751879930496,0.11921747773885727,21.094539642333984,0.5666993260383606,1239
0.11504386365413666,0.1152087152004242,21.094539642333984,0.5666993260383606,1240
0.11538481712341309,0.11345823854207993,21.094539642333984,0.5666993260383606,1241
0.11553569883108139,0.113582082092762,21.094539642333984,0.5666993260383606,1242
0.11357349902391434,0.11902535706758499,21.094539642333984,0.5666993260383606,1243
0.11233582347631454,0.11616690456867218,21.094539642333984,0.5666993260383606,1244
0.10812749713659286,0.11902069300413132,21.094539642333984,0.5666993260383606,1245
0.11479351669549942,0.11650414019823074,21.094539642333984,0.5666993260383606,1246
0.10533569008111954,0.11337166279554367,21.094539642333984,0.5666993260383606,1247
0.11770138144493103,0.1209883987903595,21.094539642333984,0.5666993260383606,1248
0.12424897402524948,0.11662356555461884,21.094539642333984,0.5666993260383606,1249
0.11674567312002182,0.11647481471300125,21.094539642333984,0.5666993260383606,1250
0.11744970828294754,0.11134836077690125,21.094539642333984,0.5666993260383606,1251
0.11504311859607697,0.11456842720508575,21.094539642333984,0.5666993260383606,1252
0.11987198144197464,0.11322768777608871,21.094539642333984,0.5666993260383606,1253
0.11634065955877304,0.11093287169933319,21.094539642333984,0.5666993260383606,1254
0.11556941270828247,0.11887715756893158,21.094539642333984,0.5666993260383606,1255
0.11166651546955109,0.11444144695997238,21.094539642333984,0.5666993260383606,1256
0.11530124396085739,0.11873836070299149,21.094539642333984,0.5666993260383606,1257
0.11483877152204514,0.11862649768590927,21.094539642333984,0.5666993260383606,1258
0.11432885378599167,0.11669807881116867,21.094539642333984,0.5666993260383606,1259
0.11634650826454163,0.11563681811094284,21.094539642333984,0.5666993260383606,1260
0.11971040070056915,0.11286027729511261,21.094539642333984,0.5666993260383606,1261
0.11409100890159607,0.1168595403432846,21.094539642333984,0.5666993260383606,1262
0.11659375578165054,0.11672204732894897,21.094539642333984,0.5666993260383606,1263
0.11862388253211975,0.11869189888238907,21.094539642333984,0.5666993260383606,1264
0.11824910342693329,0.11956372857093811,21.094539642333984,0.5666993260383606,1265
0.11659775674343109,0.11782553791999817,21.094539642333984,0.5666993260383606,1266
0.11964341998100281,0.11550240963697433,21.094539642333984,0.5666993260383606,1267
0.11237694323062897,0.11986295133829117,21.094539642333984,0.5666993260383606,1268
0.10917843133211136,0.11455504596233368,21.094539642333984,0.5666993260383606,1269
0.11901337653398514,0.12078069895505905,21.094539642333984,0.5666993260383606,1270
0.12085997313261032,0.11801288276910782,21.094539642333984,0.5666993260383606,1271
0.1156332939863205,0.11765889823436737,21.094539642333984,0.5666993260383606,1272
0.11758112907409668,0.11623984575271606,21.094539642333984,0.5666993260383606,1273
0.11908402293920517,0.11896761506795883,21.094539642333984,0.5666993260383606,1274
0.11129267513751984,0.1206526979804039,21.094539642333984,0.5666993260383606,1275
0.11313077062368393,0.11678555607795715,21.094539642333984,0.5666993260383606,1276
0.12020866572856903,0.11944207549095154,21.094539642333984,0.5666993260383606,1277
0.12001267820596695,0.11543837934732437,21.094539642333984,0.5666993260383606,1278
0.11597573757171631,0.1166820079088211,21.094539642333984,0.5666993260383606,1279
0.11676322668790817,0.12012316286563873,21.094539642333984,0.5666993260383606,1280
0.1113063246011734,0.11640181392431259,21.094539642333984,0.5666993260383606,1281
0.11195331066846848,0.11494269222021103,21.094539642333984,0.5666993260383606,1282
0.1118127629160881,0.12107335031032562,21.094539642333984,0.5666993260383606,1283
0.11009829491376877,0.1174749955534935,21.094539642333984,0.5666993260383606,1284
0.12317253649234772,0.115802101790905,21.094539642333984,0.5666993260383606,1285
0.12200211733579636,0.11823379993438721,21.094539642333984,0.5666993260383606,1286
0.11993539333343506,0.12052565068006516,21.094539642333984,0.5666993260383606,1287
0.12319833785295486,0.11526738852262497,21.094539642333984,0.5666993260383606,1288
0.12287881970405579,0.12091030925512314,21.094539642333984,0.5666993260383606,1289
0.11692208051681519,0.11854188144207001,21.094539642333984,0.5666993260383606,1290
0.12236643582582474,0.11750523746013641,21.094539642333984,0.5666993260383606,1291
0.11795264482498169,0.12075221538543701,21.094539642333984,0.5666993260383606,1292
0.11680825054645538,0.11616731435060501,21.094539642333984,0.5666993260383606,1293
0.12061554938554764,0.11700453609228134,21.094539642333984,0.5666993260383606,1294
0.11465678364038467,0.11888434737920761,21.094539642333984,0.5666993260383606,1295
0.11412091553211212,0.11573036760091782,21.094539642333984,0.5666993260383606,1296
0.11948096007108688,0.11513231694698334,21.094539642333984,0.5666993260383606,1297
0.11475194990634918,0.11704454571008682,21.094539642333984,0.5666993260383606,1298
0.11591185629367828,0.11826260387897491,21.094539642333984,0.5666993260383606,1299
0.11393515020608902,0.11416906118392944,20.865856170654297,0.5635688304901123,1300
0.11453000456094742,0.11838090419769287,20.865856170654297,0.5635688304901123,1301
0.11662094295024872,0.11409488320350647,20.865856170654297,0.5635688304901123,1302
0.11846848577260971,0.11363078653812408,20.865856170654297,0.5635688304901123,1303
0.10891766101121902,0.11678029596805573,20.865856170654297,0.5635688304901123,1304
0.11625974625349045,0.11981824040412903,20.865856170654297,0.5635688304901123,1305
0.11589743942022324,0.11992704123258591,20.865856170654297,0.5635688304901123,1306
0.11761435121297836,0.11578007787466049,20.865856170654297,0.5635688304901123,1307
0.11703680455684662,0.1166311725974083,20.865856170654297,0.5635688304901123,1308
0.11078503727912903,0.11543029546737671,20.865856170654297,0.5635688304901123,1309
0.11511184275150299,0.1130826473236084,20.865856170654297,0.5635688304901123,1310
0.10983842611312866,0.12004110217094421,20.865856170654297,0.5635688304901123,1311
0.11325692385435104,0.11871408671140671,20.865856170654297,0.5635688304901123,1312
0.12249673157930374,0.11686377227306366,20.865856170654297,0.5635688304901123,1313
0.11614827811717987,0.11235528439283371,20.865856170654297,0.5635688304901123,1314
0.11880859732627869,0.11883745342493057,20.865856170654297,0.5635688304901123,1315
0.1178518533706665,0.11670560389757156,20.865856170654297,0.5635688304901123,1316
0.11341074854135513,0.11649217456579208,20.865856170654297,0.5635688304901123,1317
0.1118902862071991,0.11864876002073288,20.865856170654297,0.5635688304901123,1318
0.11930159479379654,0.11591122299432755,20.865856170654297,0.5635688304901123,1319
0.12121576815843582,0.12071133404970169,20.865856170654297,0.5635688304901123,1320
0.11342381685972214,0.11692678928375244,20.865856170654297,0.5635688304901123,1321
0.11676552891731262,0.1120992973446846,20.865856170654297,0.5635688304901123,1322
0.11901519447565079,0.11660328507423401,20.865856170654297,0.5635688304901123,1323
0.11904384195804596,0.11496040225028992,20.865856170654297,0.5635688304901123,1324
0.11570563912391663,0.11765642464160919,20.865856170654297,0.5635688304901123,1325
0.11426310241222382,0.12302069365978241,20.865856170654297,0.5635688304901123,1326
0.11067987233400345,0.11562692373991013,20.865856170654297,0.5635688304901123,1327
0.11462279409170151,0.1136079728603363,20.865856170654297,0.5635688304901123,1328
0.11151837557554245,0.1181844174861908,20.865856170654297,0.5635688304901123,1329
0.11860862374305725,0.12032809108495712,20.865856170654297,0.5635688304901123,1330
0.11760178953409195,0.11868857592344284,20.865856170654297,0.5635688304901123,1331
0.12004388123750687,0.11637906730175018,20.865856170654297,0.5635688304901123,1332
0.11434952914714813,0.1225731372833252,20.865856170654297,0.5635688304901123,1333
0.11070412397384644,0.11999358236789703,20.865856170654297,0.5635688304901123,1334
0.11609721183776855,0.11500953137874603,20.865856170654297,0.5635688304901123,1335
0.11169882118701935,0.11868274211883545,20.865856170654297,0.5635688304901123,1336
0.12189891189336777,0.11633208394050598,20.865856170654297,0.5635688304901123,1337
0.11732131242752075,0.12171851843595505,20.865856170654297,0.5635688304901123,1338
0.12376680225133896,0.11614088714122772,20.865856170654297,0.5635688304901123,1339
0.1164918839931488,0.11921831965446472,20.865856170654297,0.5635688304901123,1340
0.1140080988407135,0.11387892067432404,20.865856170654297,0.5635688304901123,1341
0.11478235572576523,0.11351243406534195,20.865856170654297,0.5635688304901123,1342
0.11968771368265152,0.1136595755815506,20.865856170654297,0.5635688304901123,1343
0.10696141421794891,0.11396820843219757,20.865856170654297,0.5635688304901123,1344
0.11794626712799072,0.12008360773324966,20.865856170654297,0.5635688304901123,1345
0.11495327949523926,0.11420641839504242,20.865856170654297,0.5635688304901123,1346
0.10965914279222488,0.11754066497087479,20.865856170654297,0.5635688304901123,1347
0.11631320416927338,0.11688894033432007,20.865856170654297,0.5635688304901123,1348
0.1173892691731453,0.11374899744987488,20.865856170654297,0.5635688304901123,1349
0.12113828957080841,0.11717382818460464,20.865856170654297,0.5635688304901123,1350
0.11533183604478836,0.1185011938214302,20.865856170654297,0.5635688304901123,1351
0.11701133102178574,0.11692745983600616,20.865856170654297,0.5635688304901123,1352
0.1128498762845993,0.11620517075061798,20.865856170654297,0.5635688304901123,1353
0.12294778227806091,0.11871419847011566,20.865856170654297,0.5635688304901123,1354
0.12135544419288635,0.11943099647760391,20.865856170654297,0.5635688304901123,1355
0.1225520446896553,0.11582716554403305,20.865856170654297,0.5635688304901123,1356
0.11553163826465607,0.11890288442373276,20.865856170654297,0.5635688304901123,1357
0.11761536449193954,0.11993347853422165,20.865856170654297,0.5635688304901123,1358
0.11706739664077759,0.11450914293527603,20.865856170654297,0.5635688304901123,1359
0.1159699335694313,0.11505637317895889,20.865856170654297,0.5635688304901123,1360
0.12134881317615509,0.1166045144200325,20.865856170654297,0.5635688304901123,1361
0.11819352954626083,0.11806773394346237,20.865856170654297,0.5635688304901123,1362
0.11789101362228394,0.11931273341178894,20.865856170654297,0.5635688304901123,1363
0.12114732712507248,0.1149272471666336,20.865856170654297,0.5635688304901123,1364
0.11353795975446701,0.11595374345779419,20.865856170654297,0.5635688304901123,1365
0.11976126581430435,0.11573252826929092,20.865856170654297,0.5635688304901123,1366
0.10998983681201935,0.11995986104011536,20.865856170654297,0.5635688304901123,1367
0.11351393163204193,0.11794354766607285,20.865856170654297,0.5635688304901123,1368
0.12430395185947418,0.12046011537313461,20.865856170654297,0.5635688304901123,1369
0.1177937388420105,0.11784134060144424,20.865856170654297,0.5635688304901123,1370
0.10714343935251236,0.11775650084018707,20.865856170654297,0.5635688304901123,1371
0.1203499361872673,0.11604045331478119,20.865856170654297,0.5635688304901123,1372
0.11209242790937424,0.1211390569806099,20.865856170654297,0.5635688304901123,1373
0.11191277951002121,0.1174778938293457,20.865856170654297,0.5635688304901123,1374
0.1157483160495758,0.11998060345649719,20.865856170654297,0.5635688304901123,1375
0.11599165201187134,0.1156577318906784,20.865856170654297,0.5635688304901123,1376
0.1177486851811409,0.1186743825674057,20.865856170654297,0.5635688304901123,1377
0.12515076994895935,0.1191786378622055,20.865856170654297,0.5635688304901123,1378
0.11924330145120621,0.11572308093309402,20.865856170654297,0.5635688304901123,1379
0.10946214199066162,0.11517661064863205,20.865856170654297,0.5635688304901123,1380
0.10809103399515152,0.11545403301715851,20.865856170654297,0.5635688304901123,1381
0.11287064105272293,0.1184462159872055,20.865856170654297,0.5635688304901123,1382
0.11609312891960144,0.11603892594575882,20.865856170654297,0.5635688304901123,1383
0.11527235060930252,0.11532698571681976,20.865856170654297,0.5635688304901123,1384
0.11395181715488434,0.11846265941858292,20.865856170654297,0.5635688304901123,1385
0.1145431324839592,0.11714180558919907,20.865856170654297,0.5635688304901123,1386
0.11339739710092545,0.11584820598363876,20.865856170654297,0.5635688304901123,1387
0.12095285207033157,0.11764252185821533,20.865856170654297,0.5635688304901123,1388
0.11922114342451096,0.12046027183532715,20.865856170654297,0.5635688304901123,1389
0.11439848691225052,0.11404682695865631,20.865856170654297,0.5635688304901123,1390
0.11587508022785187,0.11771977692842484,20.865856170654297,0.5635688304901123,1391
0.11480813473463058,0.11924538761377335,20.865856170654297,0.5635688304901123,1392
0.11528421193361282,0.11964734643697739,20.865856170654297,0.5635688304901123,1393
0.11773756891489029,0.1167154386639595,20.865856170654297,0.5635688304901123,1394
0.1232619360089302,0.11893917620182037,20.865856170654297,0.5635688304901123,1395
0.13128739595413208,0.12313145399093628,20.865856170654297,0.5635688304901123,1396
0.12135661393404007,0.11249895393848419,20.865856170654297,0.5635688304901123,1397
0.11662670224905014,0.11929343640804291,20.865856170654297,0.5635688304901123,1398
0.11926216632127762,0.11710695922374725,20.865856170654297,0.5635688304901123,1399
0.1122623160481453,0.11956267803907394,20.984033584594727,0.568739116191864,1400
0.11008576303720474,0.11767641454935074,20.984033584594727,0.568739116191864,1401
0.1153203547000885,0.11318639665842056,20.984033584594727,0.568739116191864,1402
0.11959121376276016,0.1159418597817421,20.984033584594727,0.568739116191864,1403
0.11195949465036392,0.11503402888774872,20.984033584594727,0.568739116191864,1404
0.1165986880660057,0.11807962507009506,20.984033584594727,0.568739116191864,1405
0.11476881057024002,0.1186712235212326,20.984033584594727,0.568739116191864,1406
0.11377708613872528,0.11524533480405807,20.984033584594727,0.568739116191864,1407
0.12078800797462463,0.11829360574483871,20.984033584594727,0.568739116191864,1408
0.11594972759485245,0.11893210560083389,20.984033584594727,0.568739116191864,1409
0.11290019005537033,0.11701798439025879,20.984033584594727,0.568739116191864,1410
0.11494771391153336,0.11496508121490479,20.984033584594727,0.568739116191864,1411
0.1150134727358818,0.1159655898809433,20.984033584594727,0.568739116191864,1412
0.11989786475896835,0.11822773516178131,20.984033584594727,0.568739116191864,1413
0.12239012867212296,0.12152066081762314,20.984033584594727,0.568739116191864,1414
0.11782937496900558,0.11662539094686508,20.984033584594727,0.568739116191864,1415
0.11879918724298477,0.11638714373111725,20.984033584594727,0.568739116191864,1416
0.11347129195928574,0.11601628363132477,20.984033584594727,0.568739116191864,1417
0.11759049445390701,0.11477869004011154,20.984033584594727,0.568739116191864,1418
0.11387411504983902,0.11941293627023697,20.984033584594727,0.568739116191864,1419
0.11438275873661041,0.12012701481580734,20.984033584594727,0.568739116191864,1420
0.11311805993318558,0.11613253504037857,20.984033584594727,0.568739116191864,1421
0.12022962421178818,0.1163128986954689,20.984033584594727,0.568739116191864,1422
0.10492391884326935,0.1153494119644165,20.984033584594727,0.568739116191864,1423
0.11586061865091324,0.11783384531736374,20.984033584594727,0.568739116191864,1424
0.12418049573898315,0.1156814768910408,20.984033584594727,0.568739116191864,1425
0.11999651789665222,0.12018803507089615,20.984033584594727,0.568739116191864,1426
0.1190386712551117,0.11872054636478424,20.984033584594727,0.568739116191864,1427
0.11196743696928024,0.11378100514411926,20.984033584594727,0.568739116191864,1428
0.11432737857103348,0.11995667964220047,20.984033584594727,0.568739116191864,1429
0.1103924959897995,0.11344216763973236,20.984033584594727,0.568739116191864,1430
0.12145634740591049,0.11831545829772949,20.984033584594727,0.568739116191864,1431
0.11774057894945145,0.11465739458799362,20.984033584594727,0.568739116191864,1432
0.1171049028635025,0.11974755674600601,20.984033584594727,0.568739116191864,1433
0.11278494447469711,0.12033365666866302,20.984033584594727,0.568739116191864,1434
0.11826884001493454,0.11966089904308319,20.984033584594727,0.568739116191864,1435
0.11796412616968155,0.11298944056034088,20.984033584594727,0.568739116191864,1436
0.11743103712797165,0.12130828946828842,20.984033584594727,0.568739116191864,1437
0.11430800706148148,0.11780533194541931,20.984033584594727,0.568739116191864,1438
0.11083175241947174,0.11414583772420883,20.984033584594727,0.568739116191864,1439
0.11196465790271759,0.11337286978960037,20.984033584594727,0.568739116191864,1440
0.11334177851676941,0.12005194276571274,20.984033584594727,0.568739116191864,1441
0.11350420117378235,0.11773927509784698,20.984033584594727,0.568739116191864,1442
0.11139031499624252,0.1166192889213562,20.984033584594727,0.568739116191864,1443
0.11925725638866425,0.1215754970908165,20.984033584594727,0.568739116191864,1444
0.11454927921295166,0.11703858524560928,20.984033584594727,0.568739116191864,1445
0.11056371033191681,0.11501390486955643,20.984033584594727,0.568739116191864,1446
0.11746630817651749,0.11788018047809601,20.984033584594727,0.568739116191864,1447
0.11046933382749557,0.12270820140838623,20.984033584594727,0.568739116191864,1448
0.11781251430511475,0.11888590455055237,20.984033584594727,0.568739116191864,1449
0.11927911639213562,0.11825251579284668,20.984033584594727,0.568739116191864,1450
0.11722896248102188,0.11768317967653275,20.984033584594727,0.568739116191864,1451
0.11216165870428085,0.11266003549098969,20.984033584594727,0.568739116191864,1452
0.11350985616445541,0.11880452185869217,20.984033584594727,0.568739116191864,1453
0.11986861377954483,0.11361056566238403,20.984033584594727,0.568739116191864,1454
0.1143534779548645,0.11227837204933167,20.984033584594727,0.568739116191864,1455
0.11953924596309662,0.11679471284151077,20.984033584594727,0.568739116191864,1456
0.11707989871501923,0.1197458952665329,20.984033584594727,0.568739116191864,1457
0.11614958196878433,0.11441903561353683,20.984033584594727,0.568739116191864,1458
0.11448098719120026,0.12044518440961838,20.984033584594727,0.568739116191864,1459
0.1290150284767151,0.1167842298746109,20.984033584594727,0.568739116191864,1460
0.12398310005664825,0.113038569688797,20.984033584594727,0.568739116191864,1461
0.11960943788290024,0.11360032856464386,20.984033584594727,0.568739116191864,1462
0.11352965980768204,0.12014773488044739,20.984033584594727,0.568739116191864,1463
0.11578518897294998,0.11441744863986969,20.984033584594727,0.568739116191864,1464
0.11087983846664429,0.11855307966470718,20.984033584594727,0.568739116191864,1465
0.11485989391803741,0.1111355572938919,20.984033584594727,0.568739116191864,1466
0.11982300877571106,0.11674194782972336,20.984033584594727,0.568739116191864,1467
0.11158780008554459,0.11624731868505478,20.984033584594727,0.568739116191864,1468
0.11078187823295593,0.11934084445238113,20.984033584594727,0.568739116191864,1469
0.11586297303438187,0.11443281918764114,20.984033584594727,0.568739116191864,1470
0.11183135211467743,0.11298838257789612,20.984033584594727,0.568739116191864,1471
0.11702407151460648,0.11585567146539688,20.984033584594727,0.568739116191864,1472
0.11746601015329361,0.11442452669143677,20.984033584594727,0.568739116191864,1473
0.11160296946763992,0.11479201912879944,20.984033584594727,0.568739116191864,1474
0.10621889680624008,0.11704760789871216,20.984033584594727,0.568739116191864,1475
0.11285220831632614,0.11605975031852722,20.984033584594727,0.568739116191864,1476
0.11653802543878555,0.11699534207582474,20.984033584594727,0.568739116191864,1477
0.12137644737958908,0.11363683640956879,20.984033584594727,0.568739116191864,1478
0.11247464269399643,0.11367528885602951,20.984033584594727,0.568739116191864,1479
0.11931899935007095,0.1164407953619957,20.984033584594727,0.568739116191864,1480
0.11393900960683823,0.11506345123052597,20.984033584594727,0.568739116191864,1481
0.10941353440284729,0.11441103368997574,20.984033584594727,0.568739116191864,1482
0.12220814824104309,0.11946765333414078,20.984033584594727,0.568739116191864,1483
0.11952146142721176,0.11453207582235336,20.984033584594727,0.568739116191864,1484
0.11109419912099838,0.1148844063282013,20.984033584594727,0.568739116191864,1485
0.12202997505664825,0.11945540457963943,20.984033584594727,0.568739116191864,1486
0.1116812452673912,0.11552514135837555,20.984033584594727,0.568739116191864,1487
0.11118120700120926,0.11931464076042175,20.984033584594727,0.568739116191864,1488
0.11922552436590195,0.11701471358537674,20.984033584594727,0.568739116191864,1489
0.1201072409749031,0.11421231925487518,20.984033584594727,0.568739116191864,1490
0.11639483273029327,0.11612538248300552,20.984033584594727,0.568739116191864,1491
0.11101645976305008,0.11467358469963074,20.984033584594727,0.568739116191864,1492
0.11442281305789948,0.1179804727435112,20.984033584594727,0.568739116191864,1493
0.11693999171257019,0.1111070066690445,20.984033584594727,0.568739116191864,1494
0.11378014832735062,0.11417751014232635,20.984033584594727,0.568739116191864,1495
0.12176409363746643,0.11581354588270187,20.984033584594727,0.568739116191864,1496
0.11332807689905167,0.11565535515546799,20.984033584594727,0.568739116191864,1497
0.112727090716362,0.11876793950796127,20.984033584594727,0.568739116191864,1498
0.11598455905914307,0.11637274920940399,20.984033584594727,0.568739116191864,1499
0.11536714434623718,0.11563849449157715,21.478689193725586,0.5805416703224182,1500
0.1097227931022644,0.12038247287273407,21.478689193725586,0.5805416703224182,1501
0.118220254778862,0.11799916625022888,21.478689193725586,0.5805416703224182,1502
0.11409033834934235,0.12236388027667999,21.478689193725586,0.5805416703224182,1503
0.11816789954900742,0.11868782341480255,21.478689193725586,0.5805416703224182,1504
0.11935258656740189,0.11575750261545181,21.478689193725586,0.5805416703224182,1505
0.11041294783353806,0.11508695781230927,21.478689193725586,0.5805416703224182,1506
0.11327788978815079,0.11787474900484085,21.478689193725586,0.5805416703224182,1507
0.11076020449399948,0.11407101899385452,21.478689193725586,0.5805416703224182,1508
0.1197846531867981,0.1171780601143837,21.478689193725586,0.5805416703224182,1509
0.12176842242479324,0.11488401889801025,21.478689193725586,0.5805416703224182,1510
0.10873128473758698,0.11414293944835663,21.478689193725586,0.5805416703224182,1511
0.11761246621608734,0.1170336902141571,21.478689193725586,0.5805416703224182,1512
0.11386018991470337,0.11866547912359238,21.478689193725586,0.5805416703224182,1513
0.11288338154554367,0.11666792631149292,21.478689193725586,0.5805416703224182,1514
0.12584185600280762,0.12057467550039291,21.478689193725586,0.5805416703224182,1515
0.11371400952339172,0.11713176220655441,21.478689193725586,0.5805416703224182,1516
0.11738993972539902,0.11544289439916611,21.478689193725586,0.5805416703224182,1517
0.1124546155333519,0.11220472306013107,21.478689193725586,0.5805416703224182,1518
0.11359541863203049,0.11587266623973846,21.478689193725586,0.5805416703224182,1519
0.11656098812818527,0.1179688572883606,21.478689193725586,0.5805416703224182,1520
0.11063366383314133,0.11513764411211014,21.478689193725586,0.5805416703224182,1521
0.11541879177093506,0.11253869533538818,21.478689193725586,0.5805416703224182,1522
0.11349236220121384,0.11379776149988174,21.478689193725586,0.5805416703224182,1523
0.10937961935997009,0.11839462071657181,21.478689193725586,0.5805416703224182,1524
0.11760139465332031,0.11566410958766937,21.478689193725586,0.5805416703224182,1525
0.11367876082658768,0.11380137503147125,21.478689193725586,0.5805416703224182,1526
0.1162281408905983,0.11761424690485,21.478689193725586,0.5805416703224182,1527
0.11586491763591766,0.11474846303462982,21.478689193725586,0.5805416703224182,1528
0.11254099011421204,0.11833823472261429,21.478689193725586,0.5805416703224182,1529
0.11155875027179718,0.11563199758529663,21.478689193725586,0.5805416703224182,1530
0.10999859124422073,0.11672226339578629,21.478689193725586,0.5805416703224182,1531
0.10748051851987839,0.11450332403182983,21.478689193725586,0.5805416703224182,1532
0.1164257749915123,0.11847234517335892,21.478689193725586,0.5805416703224182,1533
0.11200253665447235,0.11822039633989334,21.478689193725586,0.5805416703224182,1534
0.11509683728218079,0.11068585515022278,21.478689193725586,0.5805416703224182,1535
0.1191231831908226,0.12277024239301682,21.478689193725586,0.5805416703224182,1536
0.10596838593482971,0.11730677634477615,21.478689193725586,0.5805416703224182,1537
0.11875353008508682,0.11574382334947586,21.478689193725586,0.5805416703224182,1538
0.11365856975317001,0.11404881626367569,21.478689193725586,0.5805416703224182,1539
0.1165064126253128,0.11599466949701309,21.478689193725586,0.5805416703224182,1540
0.11881730705499649,0.11646620184183121,21.478689193725586,0.5805416703224182,1541
0.11268166452646255,0.11600817739963531,21.478689193725586,0.5805416703224182,1542
0.117238849401474,0.1154690533876419,21.478689193725586,0.5805416703224182,1543
0.11339350044727325,0.11526064574718475,21.478689193725586,0.5805416703224182,1544
0.11943195015192032,0.11700266599655151,21.478689193725586,0.5805416703224182,1545
0.11621886491775513,0.11393356323242188,21.478689193725586,0.5805416703224182,1546
0.11843664199113846,0.11426373571157455,21.478689193725586,0.5805416703224182,1547
0.10664599388837814,0.1146744042634964,21.478689193725586,0.5805416703224182,1548
0.11623328179121017,0.1158457100391388,21.478689193725586,0.5805416703224182,1549
0.11284102499485016,0.11528275907039642,21.478689193725586,0.5805416703224182,1550
0.11263640224933624,0.11762110888957977,21.478689193725586,0.5805416703224182,1551
0.12393152713775635,0.12063185125589371,21.478689193725586,0.5805416703224182,1552
0.11439340561628342,0.11508745700120926,21.478689193725586,0.5805416703224182,1553
0.10968367010354996,0.11388055235147476,21.478689193725586,0.5805416703224182,1554
0.11660464107990265,0.11401291936635971,21.478689193725586,0.5805416703224182,1555
0.11294622719287872,0.11898196488618851,21.478689193725586,0.5805416703224182,1556
0.12067646533250809,0.11977465450763702,21.478689193725586,0.5805416703224182,1557
0.11067134141921997,0.11446984857320786,21.478689193725586,0.5805416703224182,1558
0.11689816415309906,0.1186835765838623,21.478689193725586,0.5805416703224182,1559
0.11173795908689499,0.11402104049921036,21.478689193725586,0.5805416703224182,1560
0.11245447397232056,0.11533331125974655,21.478689193725586,0.5805416703224182,1561
0.11329858750104904,0.11962112784385681,21.478689193725586,0.5805416703224182,1562
0.1133742481470108,0.11637602001428604,21.478689193725586,0.5805416703224182,1563
0.12004225701093674,0.11486464738845825,21.478689193725586,0.5805416703224182,1564
0.1222865879535675,0.11614940315485,21.478689193725586,0.5805416703224182,1565
0.11642847210168839,0.11636046320199966,21.478689193725586,0.5805416703224182,1566
0.10962101072072983,0.11522100865840912,21.478689193725586,0.5805416703224182,1567
0.10968393087387085,0.1174544021487236,21.478689193725586,0.5805416703224182,1568
0.11042332649230957,0.11882082372903824,21.478689193725586,0.5805416703224182,1569
0.11820871382951736,0.11682651191949844,21.478689193725586,0.5805416703224182,1570
0.11266115307807922,0.1235787495970726,21.478689193725586,0.5805416703224182,1571
0.10798609256744385,0.11596550047397614,21.478689193725586,0.5805416703224182,1572
0.11305408924818039,0.1172981709241867,21.478689193725586,0.5805416703224182,1573
0.11315207183361053,0.11655068397521973,21.478689193725586,0.5805416703224182,1574
0.10817103087902069,0.11473603546619415,21.478689193725586,0.5805416703224182,1575
0.12303726375102997,0.1148497462272644,21.478689193725586,0.5805416703224182,1576
0.117845818400383,0.11740750074386597,21.478689193725586,0.5805416703224182,1577
0.1172923818230629,0.1143110990524292,21.478689193725586,0.5805416703224182,1578
0.1181851327419281,0.1151161789894104,21.478689193725586,0.5805416703224182,1579
0.11321799457073212,0.11869168281555176,21.478689193725586,0.5805416703224182,1580
0.10555226355791092,0.11482124030590057,21.478689193725586,0.5805416703224182,1581
0.11846454441547394,0.11146371066570282,21.478689193725586,0.5805416703224182,1582
0.11206026375293732,0.11362939327955246,21.478689193725586,0.5805416703224182,1583
0.10972955822944641,0.11628403514623642,21.478689193725586,0.5805416703224182,1584
0.11543577164411545,0.11654440313577652,21.478689193725586,0.5805416703224182,1585
0.11941098421812057,0.11410877853631973,21.478689193725586,0.5805416703224182,1586
0.11673377454280853,0.11806623637676239,21.478689193725586,0.5805416703224182,1587
0.11110454052686691,0.11371872574090958,21.478689193725586,0.5805416703224182,1588
0.11188681423664093,0.11744904518127441,21.478689193725586,0.5805416703224182,1589
0.1189107745885849,0.1159878745675087,21.478689193725586,0.5805416703224182,1590
0.1202486976981163,0.1158217117190361,21.478689193725586,0.5805416703224182,1591
0.11810213327407837,0.11452385783195496,21.478689193725586,0.5805416703224182,1592
0.11732716858386993,0.12058982998132706,21.478689193725586,0.5805416703224182,1593
0.11603284627199173,0.11233986914157867,21.478689193725586,0.5805416703224182,1594
0.11778406798839569,0.11949604749679565,21.478689193725586,0.5805416703224182,1595
0.11786587536334991,0.11674917489290237,21.478689193725586,0.5805416703224182,1596
0.11196605861186981,0.11364752054214478,21.478689193725586,0.5805416703224182,1597
0.11546359211206436,0.11774932593107224,21.478689193725586,0.5805416703224182,1598
0.11526494473218918,0.12260304391384125,21.478689193725586,0.5805416703224182,1599
0.11394816637039185,0.1166815236210823,20.99381446838379,0.5705155730247498,1600
0.11168975383043289,0.11858581006526947,20.99381446838379,0.5705155730247498,1601
0.11371533572673798,0.1165933683514595,20.99381446838379,0.5705155730247498,1602
0.1239856630563736,0.11550294607877731,20.99381446838379,0.5705155730247498,1603
0.11668024212121964,0.11423716694116592,20.99381446838379,0.5705155730247498,1604
0.11451608687639236,0.11561698466539383,20.99381446838379,0.5705155730247498,1605
0.11400118470191956,0.11956252157688141,20.99381446838379,0.5705155730247498,1606
0.11579161882400513,0.11672549694776535,20.99381446838379,0.5705155730247498,1607
0.11493416875600815,0.11611856520175934,20.99381446838379,0.5705155730247498,1608
0.12193253636360168,0.1154056116938591,20.99381446838379,0.5705155730247498,1609
0.1075369343161583,0.11700829118490219,20.99381446838379,0.5705155730247498,1610
0.11234653741121292,0.11494719982147217,20.99381446838379,0.5705155730247498,1611
0.11570554971694946,0.12194467335939407,20.99381446838379,0.5705155730247498,1612
0.11180870234966278,0.1158817932009697,20.99381446838379,0.5705155730247498,1613
0.11688639968633652,0.11354226619005203,20.99381446838379,0.5705155730247498,1614
0.11645341664552689,0.12121633440256119,20.99381446838379,0.5705155730247498,1615
0.11441648006439209,0.11330583691596985,20.99381446838379,0.5705155730247498,1616
0.10769670456647873,0.1165628507733345,20.99381446838379,0.5705155730247498,1617
0.117747962474823,0.11651412397623062,20.99381446838379,0.5705155730247498,1618
0.11725115031003952,0.1141192689538002,20.99381446838379,0.5705155730247498,1619
0.11335885524749756,0.11525168269872665,20.99381446838379,0.5705155730247498,1620
0.11871922761201859,0.11663410812616348,20.99381446838379,0.5705155730247498,1621
0.11857161670923233,0.11767702549695969,20.99381446838379,0.5705155730247498,1622
0.11717574298381805,0.11535289138555527,20.99381446838379,0.5705155730247498,1623
0.11458015441894531,0.11790703982114792,20.99381446838379,0.5705155730247498,1624
0.12015768885612488,0.11467860639095306,20.99381446838379,0.5705155730247498,1625
0.11845894902944565,0.11232912540435791,20.99381446838379,0.5705155730247498,1626
0.11030787974596024,0.11530210077762604,20.99381446838379,0.5705155730247498,1627
0.11092837154865265,0.11891041696071625,20.99381446838379,0.5705155730247498,1628
0.11412807554006577,0.11610578745603561,20.99381446838379,0.5705155730247498,1629
0.12046434730291367,0.11478470265865326,20.99381446838379,0.5705155730247498,1630
0.12370540201663971,0.1152997612953186,20.99381446838379,0.5705155730247498,1631
0.11466119438409805,0.11854609102010727,20.99381446838379,0.5705155730247498,1632
0.1196635514497757,0.11091762036085129,20.99381446838379,0.5705155730247498,1633
0.10633980482816696,0.11516030877828598,20.99381446838379,0.5705155730247498,1634
0.1132783517241478,0.11668718606233597,20.99381446838379,0.5705155730247498,1635
0.11415769904851913,0.11589362472295761,20.99381446838379,0.5705155730247498,1636
0.11749476939439774,0.11429428309202194,20.99381446838379,0.5705155730247498,1637
0.11140497773885727,0.11967665702104568,20.99381446838379,0.5705155730247498,1638
0.11799535900354385,0.11729574203491211,20.99381446838379,0.5705155730247498,1639
0.11236456781625748,0.11573203653097153,20.99381446838379,0.5705155730247498,1640
0.11676546931266785,0.1162032037973404,20.99381446838379,0.5705155730247498,1641
0.1191338524222374,0.11673243343830109,20.99381446838379,0.5705155730247498,1642
0.1190079003572464,0.11650927364826202,20.99381446838379,0.5705155730247498,1643
0.11568280309438705,0.11050181835889816,20.99381446838379,0.5705155730247498,1644
0.11467280983924866,0.11999236792325974,20.99381446838379,0.5705155730247498,1645
0.11322909593582153,0.11451547592878342,20.99381446838379,0.5705155730247498,1646
0.1115657389163971,0.11278309673070908,20.99381446838379,0.5705155730247498,1647
0.11837583780288696,0.11602669954299927,20.99381446838379,0.5705155730247498,1648
0.11045317351818085,0.11290127784013748,20.99381446838379,0.5705155730247498,1649
0.11242125928401947,0.11882507055997849,20.99381446838379,0.5705155730247498,1650
0.11530467122793198,0.11643940955400467,20.99381446838379,0.5705155730247498,1651
0.12230168282985687,0.11846750974655151,20.99381446838379,0.5705155730247498,1652
0.1205548495054245,0.11583346128463745,20.99381446838379,0.5705155730247498,1653
0.11279255896806717,0.11839360743761063,20.99381446838379,0.5705155730247498,1654
0.11254679411649704,0.11695407330989838,20.99381446838379,0.5705155730247498,1655
0.11338013410568237,0.11775369197130203,20.99381446838379,0.5705155730247498,1656
0.11818098276853561,0.11719492077827454,20.99381446838379,0.5705155730247498,1657
0.10897175967693329,0.11528582125902176,20.99381446838379,0.5705155730247498,1658
0.12070538103580475,0.11976584047079086,20.99381446838379,0.5705155730247498,1659
0.10732275247573853,0.11136887222528458,20.99381446838379,0.5705155730247498,1660
0.1109234169125557,0.11212778091430664,20.99381446838379,0.5705155730247498,1661
0.11782169342041016,0.11549875885248184,20.99381446838379,0.5705155730247498,1662
0.11485430598258972,0.11762985587120056,20.99381446838379,0.5705155730247498,1663
0.12173955887556076,0.12099716067314148,20.99381446838379,0.5705155730247498,1664
0.11394108086824417,0.1200341135263443,20.99381446838379,0.5705155730247498,1665
0.11422976106405258,0.11610888689756393,20.99381446838379,0.5705155730247498,1666
0.11325613409280777,0.11562830954790115,20.99381446838379,0.5705155730247498,1667
0.11482597887516022,0.11097898334264755,20.99381446838379,0.5705155730247498,1668
0.11753576248884201,0.11690892279148102,20.99381446838379,0.5705155730247498,1669
0.1129770502448082,0.1157497689127922,20.99381446838379,0.5705155730247498,1670
0.1166253611445427,0.11420487612485886,20.99381446838379,0.5705155730247498,1671
0.11408745497465134,0.1141258254647255,20.99381446838379,0.5705155730247498,1672
0.11802805960178375,0.11454042047262192,20.99381446838379,0.5705155730247498,1673
0.12144530564546585,0.11303476244211197,20.99381446838379,0.5705155730247498,1674
0.11329131573438644,0.11428748816251755,20.99381446838379,0.5705155730247498,1675
0.12298623472452164,0.11578468978404999,20.99381446838379,0.5705155730247498,1676
0.11849170178174973,0.11489178240299225,20.99381446838379,0.5705155730247498,1677
0.10824715346097946,0.11597127467393875,20.99381446838379,0.5705155730247498,1678
0.11336500197649002,0.1163511574268341,20.99381446838379,0.5705155730247498,1679
0.11114522814750671,0.11374010145664215,20.99381446838379,0.5705155730247498,1680
0.11725234985351562,0.11400225758552551,20.99381446838379,0.5705155730247498,1681
0.11368661373853683,0.11971856653690338,20.99381446838379,0.5705155730247498,1682
0.11338778585195541,0.11601115018129349,20.99381446838379,0.5705155730247498,1683
0.1159333810210228,0.10995397716760635,20.99381446838379,0.5705155730247498,1684
0.11399244517087936,0.11750563234090805,20.99381446838379,0.5705155730247498,1685
0.11327505856752396,0.11364378780126572,20.99381446838379,0.5705155730247498,1686
0.11222288012504578,0.11700217425823212,20.99381446838379,0.5705155730247498,1687
0.11523222178220749,0.11624390631914139,20.99381446838379,0.5705155730247498,1688
0.11416792124509811,0.11616746336221695,20.99381446838379,0.5705155730247498,1689
0.12117946892976761,0.11729352921247482,20.99381446838379,0.5705155730247498,1690
0.11994033306837082,0.1147780567407608,20.99381446838379,0.5705155730247498,1691
0.11650446057319641,0.11612488329410553,20.99381446838379,0.5705155730247498,1692
0.11618848145008087,0.11722163110971451,20.99381446838379,0.5705155730247498,1693
0.11088455468416214,0.11850039660930634,20.99381446838379,0.5705155730247498,1694
0.11146298050880432,0.11468343436717987,20.99381446838379,0.5705155730247498,1695
0.1091296598315239,0.11540690064430237,20.99381446838379,0.5705155730247498,1696
0.12203817069530487,0.11557094007730484,20.99381446838379,0.5705155730247498,1697
0.11616609245538712,0.11793645471334457,20.99381446838379,0.5705155730247498,1698
0.1161477342247963,0.11665431410074234,20.99381446838379,0.5705155730247498,1699
0.11981930583715439,0.11522226780653,20.856630325317383,0.5708067417144775,1700
0.11300676316022873,0.11787991225719452,20.856630325317383,0.5708067417144775,1701
0.11339662969112396,0.11547375470399857,20.856630325317383,0.5708067417144775,1702
0.11340300738811493,0.11425132304430008,20.856630325317383,0.5708067417144775,1703
0.11575282365083694,0.11366530507802963,20.856630325317383,0.5708067417144775,1704
0.12559616565704346,0.11475005000829697,20.856630325317383,0.5708067417144775,1705
0.1132739782333374,0.1172134205698967,20.856630325317383,0.5708067417144775,1706
0.11716721206903458,0.12173505127429962,20.856630325317383,0.5708067417144775,1707
0.12022336572408676,0.11372153460979462,20.856630325317383,0.5708067417144775,1708
0.11846461892127991,0.11883613467216492,20.856630325317383,0.5708067417144775,1709
0.11240344494581223,0.11467300355434418,20.856630325317383,0.5708067417144775,1710
0.11372032761573792,0.11538922041654587,20.856630325317383,0.5708067417144775,1711
0.11743199080228806,0.11767422407865524,20.856630325317383,0.5708067417144775,1712
0.1227976530790329,0.11641482263803482,20.856630325317383,0.5708067417144775,1713
0.1166125237941742,0.11629167199134827,20.856630325317383,0.5708067417144775,1714
0.11476489156484604,0.11810240149497986,20.856630325317383,0.5708067417144775,1715
0.10783734172582626,0.1152295246720314,20.856630325317383,0.5708067417144775,1716
0.11795006692409515,0.11720609664916992,20.856630325317383,0.5708067417144775,1717
0.1167156919836998,0.11846984177827835,20.856630325317383,0.5708067417144775,1718
0.10270847380161285,0.11311423778533936,20.856630325317383,0.5708067417144775,1719
0.11234402656555176,0.11699583381414413,20.856630325317383,0.5708067417144775,1720
0.11282090842723846,0.11409680545330048,20.856630325317383,0.5708067417144775,1721
0.1138286218047142,0.11595796048641205,20.856630325317383,0.5708067417144775,1722
0.12030724436044693,0.11776091158390045,20.856630325317383,0.5708067417144775,1723
0.11690501123666763,0.1155257523059845,20.856630325317383,0.5708067417144775,1724
0.11717278510332108,0.11740827560424805,20.856630325317383,0.5708067417144775,1725
0.11870623379945755,0.11320874840021133,20.856630325317383,0.5708067417144775,1726
0.10722877085208893,0.11338396370410919,20.856630325317383,0.5708067417144775,1727
0.11427486687898636,0.11783529072999954,20.856630325317383,0.5708067417144775,1728
0.11472447216510773,0.11375360190868378,20.856630325317383,0.5708067417144775,1729
0.11615512520074844,0.11663605272769928,20.856630325317383,0.5708067417144775,1730
0.11630666255950928,0.11714750528335571,20.856630325317383,0.5708067417144775,1731
0.11486820131540298,0.1159229502081871,20.856630325317383,0.5708067417144775,1732
0.11589407175779343,0.1167479008436203,20.856630325317383,0.5708067417144775,1733
0.1163540780544281,0.11527688801288605,20.856630325317383,0.5708067417144775,1734
0.12121731787919998,0.1147952750325203,20.856630325317383,0.5708067417144775,1735
0.1068451777100563,0.11584793776273727,20.856630325317383,0.5708067417144775,1736
0.11587657034397125,0.11938731372356415,20.856630325317383,0.5708067417144775,1737
0.1136069968342781,0.11180976778268814,20.856630325317383,0.5708067417144775,1738
0.11395327746868134,0.11418906599283218,20.856630325317383,0.5708067417144775,1739
0.11504410952329636,0.12076794356107712,20.856630325317383,0.5708067417144775,1740
0.1140051856637001,0.11897607147693634,20.856630325317383,0.5708067417144775,1741
0.11318006366491318,0.11378747969865799,20.856630325317383,0.5708067417144775,1742
0.10909447073936462,0.11815297603607178,20.856630325317383,0.5708067417144775,1743
0.11687905341386795,0.11573301255702972,20.856630325317383,0.5708067417144775,1744
0.109564408659935,0.11598477512598038,20.856630325317383,0.5708067417144775,1745
0.10756472498178482,0.11315712332725525,20.856630325317383,0.5708067417144775,1746
0.1164921373128891,0.1146957129240036,20.856630325317383,0.5708067417144775,1747
0.10966412723064423,0.11586053669452667,20.856630325317383,0.5708067417144775,1748
0.11366202682256699,0.11632390320301056,20.856630325317383,0.5708067417144775,1749
0.11128397285938263,0.11611173301935196,20.856630325317383,0.5708067417144775,1750
0.11207173019647598,0.11718297749757767,20.856630325317383,0.5708067417144775,1751
0.11628852039575577,0.11582242697477341,20.856630325317383,0.5708067417144775,1752
0.1187829077243805,0.11358139663934708,20.856630325317383,0.5708067417144775,1753
0.11680775135755539,0.11671018600463867,20.856630325317383,0.5708067417144775,1754
0.1160273626446724,0.12047416716814041,20.856630325317383,0.5708067417144775,1755
0.10525122284889221,0.1175660640001297,20.856630325317383,0.5708067417144775,1756
0.11634603887796402,0.11415019631385803,20.856630325317383,0.5708067417144775,1757
0.11593207716941833,0.11116215586662292,20.856630325317383,0.5708067417144775,1758
0.12429793179035187,0.11375733464956284,20.856630325317383,0.5708067417144775,1759
0.11203362047672272,0.115616075694561,20.856630325317383,0.5708067417144775,1760
0.11424607038497925,0.12168198078870773,20.856630325317383,0.5708067417144775,1761
0.11567778140306473,0.11837124824523926,20.856630325317383,0.5708067417144775,1762
0.11081066727638245,0.11360688507556915,20.856630325317383,0.5708067417144775,1763
0.12295622378587723,0.11639375239610672,20.856630325317383,0.5708067417144775,1764
0.11708253622055054,0.1187092587351799,20.856630325317383,0.5708067417144775,1765
0.11613520234823227,0.11233939975500107,20.856630325317383,0.5708067417144775,1766
0.1093573123216629,0.11369473487138748,20.856630325317383,0.5708067417144775,1767
0.1204572543501854,0.11646492034196854,20.856630325317383,0.5708067417144775,1768
0.10900353640317917,0.11692087352275848,20.856630325317383,0.5708067417144775,1769
0.11612292379140854,0.11467301845550537,20.856630325317383,0.5708067417144775,1770
0.11462260782718658,0.11515254527330399,20.856630325317383,0.5708067417144775,1771
0.11367528885602951,0.11573932319879532,20.856630325317383,0.5708067417144775,1772
0.12038225680589676,0.11685112118721008,20.856630325317383,0.5708067417144775,1773
0.11967866867780685,0.11641528457403183,20.856630325317383,0.5708067417144775,1774
0.11340653896331787,0.11763399839401245,20.856630325317383,0.5708067417144775,1775
0.1200520247220993,0.11769912391901016,20.856630325317383,0.5708067417144775,1776
0.11360029876232147,0.11848477274179459,20.856630325317383,0.5708067417144775,1777
0.1054735779762268,0.11827852576971054,20.856630325317383,0.5708067417144775,1778
0.1042521595954895,0.11338647454977036,20.856630325317383,0.5708067417144775,1779
0.11012488603591919,0.11648796498775482,20.856630325317383,0.5708067417144775,1780
0.11161106824874878,0.11541727930307388,20.856630325317383,0.5708067417144775,1781
0.11439014971256256,0.11220182478427887,20.856630325317383,0.5708067417144775,1782
0.10875950753688812,0.1150498315691948,20.856630325317383,0.5708067417144775,1783
0.11253703385591507,0.1128716915845871,20.856630325317383,0.5708067417144775,1784
0.11195775866508484,0.11724691092967987,20.856630325317383,0.5708067417144775,1785
0.11463591456413269,0.11769696325063705,20.856630325317383,0.5708067417144775,1786
0.11037938296794891,0.11613040417432785,20.856630325317383,0.5708067417144775,1787
0.12034468352794647,0.11672365665435791,20.856630325317383,0.5708067417144775,1788
0.11529631167650223,0.11488489806652069,20.856630325317383,0.5708067417144775,1789
0.11224666237831116,0.11608042567968369,20.856630325317383,0.5708067417144775,1790
0.12060726433992386,0.11796464771032333,20.856630325317383,0.5708067417144775,1791
0.11323761940002441,0.11658356338739395,20.856630325317383,0.5708067417144775,1792
0.11689338088035583,0.11444120109081268,20.856630325317383,0.5708067417144775,1793
0.1201394572854042,0.11443193256855011,20.856630325317383,0.5708067417144775,1794
0.11560537666082382,0.11559639871120453,20.856630325317383,0.5708067417144775,1795
0.11240354925394058,0.11552748084068298,20.856630325317383,0.5708067417144775,1796
0.11151032894849777,0.11603988707065582,20.856630325317383,0.5708067417144775,1797
0.11540763080120087,0.11601582169532776,20.856630325317383,0.5708067417144775,1798
0.11256453394889832,0.11598814278841019,20.856630325317383,0.5708067417144775,1799
0.11678744107484818,0.11539044976234436,20.88475227355957,0.5765412449836731,1800
0.11866123974323273,0.11312223225831985,20.88475227355957,0.5765412449836731,1801
0.11653344333171844,0.11533033847808838,20.88475227355957,0.5765412449836731,1802
0.11559095978736877,0.1183621883392334,20.88475227355957,0.5765412449836731,1803
0.11673825979232788,0.11515488475561142,20.88475227355957,0.5765412449836731,1804
0.11598039418458939,0.11425305157899857,20.88475227355957,0.5765412449836731,1805
0.1133582592010498,0.11717791855335236,20.88475227355957,0.5765412449836731,1806
0.11682899296283722,0.11065850406885147,20.88475227355957,0.5765412449836731,1807
0.1123180240392685,0.11765757203102112,20.88475227355957,0.5765412449836731,1808
0.11384808272123337,0.11419984698295593,20.88475227355957,0.5765412449836731,1809
0.11245150119066238,0.1175122857093811,20.88475227355957,0.5765412449836731,1810
0.11538226902484894,0.11598249524831772,20.88475227355957,0.5765412449836731,1811
0.11640466749668121,0.11452960222959518,20.88475227355957,0.5765412449836731,1812
0.11916036903858185,0.1147918701171875,20.88475227355957,0.5765412449836731,1813
0.1150965616106987,0.11731396615505219,20.88475227355957,0.5765412449836731,1814
0.11360941082239151,0.11502111703157425,20.88475227355957,0.5765412449836731,1815
0.11323598027229309,0.1130964607000351,20.88475227355957,0.5765412449836731,1816
0.10925421863794327,0.11126774549484253,20.88475227355957,0.5765412449836731,1817
0.11266497522592545,0.111362986266613,20.88475227355957,0.5765412449836731,1818
0.10834722220897675,0.1145043820142746,20.88475227355957,0.5765412449836731,1819
0.1081509068608284,0.11756285279989243,20.88475227355957,0.5765412449836731,1820
0.11040358990430832,0.11538638174533844,20.88475227355957,0.5765412449836731,1821
0.11412403732538223,0.11481557041406631,20.88475227355957,0.5765412449836731,1822
0.10000453889369965,0.11481650173664093,20.88475227355957,0.5765412449836731,1823
0.11166856437921524,0.12073402851819992,20.88475227355957,0.5765412449836731,1824
0.11199741810560226,0.11704114079475403,20.88475227355957,0.5765412449836731,1825
0.1150868684053421,0.11715766042470932,20.88475227355957,0.5765412449836731,1826
0.12113049626350403,0.11969141662120819,20.88475227355957,0.5765412449836731,1827
0.11121519654989243,0.11759018152952194,20.88475227355957,0.5765412449836731,1828
0.11487317085266113,0.11472464352846146,20.88475227355957,0.5765412449836731,1829
0.11943749338388443,0.11639793962240219,20.88475227355957,0.5765412449836731,1830
0.11294960975646973,0.11645150184631348,20.88475227355957,0.5765412449836731,1831
0.11287950724363327,0.11397296190261841,20.88475227355957,0.5765412449836731,1832
0.12174391001462936,0.11577214300632477,20.88475227355957,0.5765412449836731,1833
0.11165917664766312,0.11322932690382004,20.88475227355957,0.5765412449836731,1834
0.11700233817100525,0.11621108651161194,20.88475227355957,0.5765412449836731,1835
0.11869370192289352,0.1161080151796341,20.88475227355957,0.5765412449836731,1836
0.11352411657571793,0.11685244739055634,20.88475227355957,0.5765412449836731,1837
0.12033712863922119,0.11517895758152008,20.88475227355957,0.5765412449836731,1838
0.11836592108011246,0.11294370889663696,20.88475227355957,0.5765412449836731,1839
0.11921944469213486,0.11636705696582794,20.88475227355957,0.5765412449836731,1840
0.119162917137146,0.11528800427913666,20.88475227355957,0.5765412449836731,1841
0.11514164507389069,0.11606241017580032,20.88475227355957,0.5765412449836731,1842
0.11358515173196793,0.11599650979042053,20.88475227355957,0.5765412449836731,1843
0.11748781055212021,0.11519346386194229,20.88475227355957,0.5765412449836731,1844
0.12183559685945511,0.11133556067943573,20.88475227355957,0.5765412449836731,1845
0.11668425798416138,0.11201941221952438,20.88475227355957,0.5765412449836731,1846
0.11577492207288742,0.11281660199165344,20.88475227355957,0.5765412449836731,1847
0.10987134277820587,0.1144283339381218,20.88475227355957,0.5765412449836731,1848
0.11322478204965591,0.1159505620598793,20.88475227355957,0.5765412449836731,1849
0.11890475451946259,0.11506437510251999,20.88475227355957,0.5765412449836731,1850
0.1053706556558609,0.11437710374593735,20.88475227355957,0.5765412449836731,1851
0.11019361019134521,0.11840620636940002,20.88475227355957,0.5765412449836731,1852
0.12040598690509796,0.11627881228923798,20.88475227355957,0.5765412449836731,1853
0.11177068203687668,0.1160951480269432,20.88475227355957,0.5765412449836731,1854
0.11216488480567932,0.11512704938650131,20.88475227355957,0.5765412449836731,1855
0.11850014328956604,0.11461324244737625,20.88475227355957,0.5765412449836731,1856
0.10969015955924988,0.11406516283750534,20.88475227355957,0.5765412449836731,1857
0.11100426316261292,0.1164114847779274,20.88475227355957,0.5765412449836731,1858
0.11211378127336502,0.11418088525533676,20.88475227355957,0.5765412449836731,1859
0.1199113205075264,0.11537329852581024,20.88475227355957,0.5765412449836731,1860
0.11861161887645721,0.114698126912117,20.88475227355957,0.5765412449836731,1861
0.10960771888494492,0.1143815740942955,20.88475227355957,0.5765412449836731,1862
0.1143207922577858,0.11469031870365143,20.88475227355957,0.5765412449836731,1863
0.1112038642168045,0.11735913157463074,20.88475227355957,0.5765412449836731,1864
0.11520349979400635,0.11122725903987885,20.88475227355957,0.5765412449836731,1865
0.11770463734865189,0.1157296746969223,20.88475227355957,0.5765412449836731,1866
0.11122797429561615,0.1198287084698677,20.88475227355957,0.5765412449836731,1867
0.12516522407531738,0.11640466749668121,20.88475227355957,0.5765412449836731,1868
0.11099816858768463,0.11553096026182175,20.88475227355957,0.5765412449836731,1869
0.11582233011722565,0.11738522350788116,20.88475227355957,0.5765412449836731,1870
0.1132981926202774,0.114996038377285,20.88475227355957,0.5765412449836731,1871
0.11510175466537476,0.11831117421388626,20.88475227355957,0.5765412449836731,1872
0.11662472039461136,0.12099461257457733,20.88475227355957,0.5765412449836731,1873
0.11344999074935913,0.11899123340845108,20.88475227355957,0.5765412449836731,1874
0.11861521005630493,0.11308746784925461,20.88475227355957,0.5765412449836731,1875
0.11743871122598648,0.11873289197683334,20.88475227355957,0.5765412449836731,1876
0.11023659259080887,0.11773444712162018,20.88475227355957,0.5765412449836731,1877
0.11527736485004425,0.11739087849855423,20.88475227355957,0.5765412449836731,1878
0.10679144412279129,0.11357307434082031,20.88475227355957,0.5765412449836731,1879
0.11058264970779419,0.11659643799066544,20.88475227355957,0.5765412449836731,1880
0.11125335097312927,0.1120285913348198,20.88475227355957,0.5765412449836731,1881
0.11810994148254395,0.11318981647491455,20.88475227355957,0.5765412449836731,1882
0.11685094982385635,0.11967625468969345,20.88475227355957,0.5765412449836731,1883
0.11363973468542099,0.11402339488267899,20.88475227355957,0.5765412449836731,1884
0.1165769025683403,0.11838661134243011,20.88475227355957,0.5765412449836731,1885
0.11548225581645966,0.11084706336259842,20.88475227355957,0.5765412449836731,1886
0.10835787653923035,0.11521442979574203,20.88475227355957,0.5765412449836731,1887
0.11625677347183228,0.11422929912805557,20.88475227355957,0.5765412449836731,1888
0.11864050477743149,0.12013037502765656,20.88475227355957,0.5765412449836731,1889
0.11268439888954163,0.11368229985237122,20.88475227355957,0.5765412449836731,1890
0.11530014127492905,0.11229980736970901,20.88475227355957,0.5765412449836731,1891
0.11267878860235214,0.11244824528694153,20.88475227355957,0.5765412449836731,1892
0.11842388659715652,0.11634725332260132,20.88475227355957,0.5765412449836731,1893
0.11166699975728989,0.11696730554103851,20.88475227355957,0.5765412449836731,1894
0.11326044052839279,0.12018289417028427,20.88475227355957,0.5765412449836731,1895
0.11485172808170319,0.11734361201524734,20.88475227355957,0.5765412449836731,1896
0.11453957855701447,0.11298561096191406,20.88475227355957,0.5765412449836731,1897
0.11564009636640549,0.11592221260070801,20.88475227355957,0.5765412449836731,1898
0.11216943711042404,0.11659494787454605,20.88475227355957,0.5765412449836731,1899
0.11399263143539429,0.11514542996883392,21.155338287353516,0.5765847563743591,1900
0.11169407516717911,0.11300628632307053,21.155338287353516,0.5765847563743591,1901
0.1101439818739891,0.11639712005853653,21.155338287353516,0.5765847563743591,1902
0.1113816648721695,0.11747762560844421,21.155338287353516,0.5765847563743591,1903
0.11336509883403778,0.1133519858121872,21.155338287353516,0.5765847563743591,1904
0.10948784649372101,0.11395978182554245,21.155338287353516,0.5765847563743591,1905
0.11606332659721375,0.11709719896316528,21.155338287353516,0.5765847563743591,1906
0.11321071535348892,0.11358625441789627,21.155338287353516,0.5765847563743591,1907
0.1091267317533493,0.11678329855203629,21.155338287353516,0.5765847563743591,1908
0.10792110115289688,0.11523555219173431,21.155338287353516,0.5765847563743591,1909
0.1203201562166214,0.11389712989330292,21.155338287353516,0.5765847563743591,1910
0.11362069845199585,0.11170586943626404,21.155338287353516,0.5765847563743591,1911
0.11533533781766891,0.11975366622209549,21.155338287353516,0.5765847563743591,1912
0.11996401846408844,0.12088935822248459,21.155338287353516,0.5765847563743591,1913
0.1167929619550705,0.11374688148498535,21.155338287353516,0.5765847563743591,1914
0.11719619482755661,0.11565066874027252,21.155338287353516,0.5765847563743591,1915
0.11506723612546921,0.11474496126174927,21.155338287353516,0.5765847563743591,1916
0.11097569763660431,0.11641204357147217,21.155338287353516,0.5765847563743591,1917
0.11372598260641098,0.11538489907979965,21.155338287353516,0.5765847563743591,1918
0.11640183627605438,0.11440055817365646,21.155338287353516,0.5765847563743591,1919
0.11967732012271881,0.11105271428823471,21.155338287353516,0.5765847563743591,1920
0.11132531613111496,0.11384918540716171,21.155338287353516,0.5765847563743591,1921
0.11767707020044327,0.11183592677116394,21.155338287353516,0.5765847563743591,1922
0.11207835376262665,0.11531578004360199,21.155338287353516,0.5765847563743591,1923
0.1131749302148819,0.11212216317653656,21.155338287353516,0.5765847563743591,1924
0.12440874427556992,0.11836981028318405,21.155338287353516,0.5765847563743591,1925
0.11392682790756226,0.11797372996807098,21.155338287353516,0.5765847563743591,1926
0.11672968417406082,0.11731527000665665,21.155338287353516,0.5765847563743591,1927
0.10992728918790817,0.11333425343036652,21.155338287353516,0.5765847563743591,1928
0.1149776354432106,0.11764681339263916,21.155338287353516,0.5765847563743591,1929
0.11879365891218185,0.11368855088949203,21.155338287353516,0.5765847563743591,1930
0.11064805835485458,0.11504591256380081,21.155338287353516,0.5765847563743591,1931
0.11383692175149918,0.11529006063938141,21.155338287353516,0.5765847563743591,1932
0.11811602860689163,0.11572917550802231,21.155338287353516,0.5765847563743591,1933
0.11428861320018768,0.11449769884347916,21.155338287353516,0.5765847563743591,1934
0.11404132843017578,0.11880549788475037,21.155338287353516,0.5765847563743591,1935
0.11569050699472427,0.11577306687831879,21.155338287353516,0.5765847563743591,1936
0.1174020916223526,0.11623428016901016,21.155338287353516,0.5765847563743591,1937
0.10880129784345627,0.11728794872760773,21.155338287353516,0.5765847563743591,1938
0.11488712579011917,0.11570439487695694,21.155338287353516,0.5765847563743591,1939
0.11658378690481186,0.11258996278047562,21.155338287353516,0.5765847563743591,1940
0.11538485437631607,0.11360173672437668,21.155338287353516,0.5765847563743591,1941
0.11468296498060226,0.11876940727233887,21.155338287353516,0.5765847563743591,1942
0.10725277662277222,0.1180286630988121,21.155338287353516,0.5765847563743591,1943
0.1170891597867012,0.11626084893941879,21.155338287353516,0.5765847563743591,1944
0.1166176125407219,0.11598989367485046,21.155338287353516,0.5765847563743591,1945
0.10782956331968307,0.11563108116388321,21.155338287353516,0.5765847563743591,1946
0.11912514269351959,0.11493116617202759,21.155338287353516,0.5765847563743591,1947
0.10830307006835938,0.1142684817314148,21.155338287353516,0.5765847563743591,1948
0.10597582161426544,0.11635329574346542,21.155338287353516,0.5765847563743591,1949
0.11813324689865112,0.11203653365373611,21.155338287353516,0.5765847563743591,1950
0.11401554197072983,0.11852043867111206,21.155338287353516,0.5765847563743591,1951
0.11088217794895172,0.11247888952493668,21.155338287353516,0.5765847563743591,1952
0.11326821893453598,0.11724752932786942,21.155338287353516,0.5765847563743591,1953
0.11021354049444199,0.11405868083238602,21.155338287353516,0.5765847563743591,1954
0.11982611566781998,0.11415868252515793,21.155338287353516,0.5765847563743591,1955
0.11265870183706284,0.11314516514539719,21.155338287353516,0.5765847563743591,1956
0.1078508272767067,0.11717689037322998,21.155338287353516,0.5765847563743591,1957
0.11167120933532715,0.11110575497150421,21.155338287353516,0.5765847563743591,1958
0.11760091036558151,0.11570285260677338,21.155338287353516,0.5765847563743591,1959
0.11368732899427414,0.11973178386688232,21.155338287353516,0.5765847563743591,1960
0.10628479719161987,0.11356198787689209,21.155338287353516,0.5765847563743591,1961
0.11014699190855026,0.11692183464765549,21.155338287353516,0.5765847563743591,1962
0.10776276886463165,0.11696363985538483,21.155338287353516,0.5765847563743591,1963
0.109373539686203,0.1167779490351677,21.155338287353516,0.5765847563743591,1964
0.1031772717833519,0.11760030686855316,21.155338287353516,0.5765847563743591,1965
0.12060649693012238,0.11707312613725662,21.155338287353516,0.5765847563743591,1966
0.11491266638040543,0.11593890190124512,21.155338287353516,0.5765847563743591,1967
0.12015589326620102,0.11337987333536148,21.155338287353516,0.5765847563743591,1968
0.11133274435997009,0.10959143191576004,21.155338287353516,0.5765847563743591,1969
0.109485924243927,0.11840013414621353,21.155338287353516,0.5765847563743591,1970
0.1145268976688385,0.11815205961465836,21.155338287353516,0.5765847563743591,1971
0.1157926693558693,0.1192561462521553,21.155338287353516,0.5765847563743591,1972
0.11765816807746887,0.11466998606920242,21.155338287353516,0.5765847563743591,1973
0.11155876517295837,0.11745953559875488,21.155338287353516,0.5765847563743591,1974
0.1095210611820221,0.10958260297775269,21.155338287353516,0.5765847563743591,1975
0.1111699640750885,0.11520668119192123,21.155338287353516,0.5765847563743591,1976
0.11722414940595627,0.11695381999015808,21.155338287353516,0.5765847563743591,1977
0.10624733567237854,0.11492139846086502,21.155338287353516,0.5765847563743591,1978
0.1126219630241394,0.11465255916118622,21.155338287353516,0.5765847563743591,1979
0.11590223014354706,0.11168568581342697,21.155338287353516,0.5765847563743591,1980
0.11532532423734665,0.11180776357650757,21.155338287353516,0.5765847563743591,1981
0.11529979109764099,0.11614447832107544,21.155338287353516,0.5765847563743591,1982
0.1104496419429779,0.11292822659015656,21.155338287353516,0.5765847563743591,1983
0.10350699722766876,0.11238599568605423,21.155338287353516,0.5765847563743591,1984
0.1149887964129448,0.11373138427734375,21.155338287353516,0.5765847563743591,1985
0.11691929399967194,0.11470762640237808,21.155338287353516,0.5765847563743591,1986
0.11283925175666809,0.11936754733324051,21.155338287353516,0.5765847563743591,1987
0.1138252317905426,0.11666156351566315,21.155338287353516,0.5765847563743591,1988
0.11386708170175552,0.1129862368106842,21.155338287353516,0.5765847563743591,1989
0.10370409488677979,0.11767243593931198,21.155338287353516,0.5765847563743591,1990
0.1124255582690239,0.11318239569664001,21.155338287353516,0.5765847563743591,1991
0.1188342347741127,0.12118586897850037,21.155338287353516,0.5765847563743591,1992
0.11257448047399521,0.11492504924535751,21.155338287353516,0.5765847563743591,1993
0.11092726141214371,0.1128477230668068,21.155338287353516,0.5765847563743591,1994
0.10725811868906021,0.11589810252189636,21.155338287353516,0.5765847563743591,1995
0.11803737282752991,0.11379652470350266,21.155338287353516,0.5765847563743591,1996
0.11665760725736618,0.1148662343621254,21.155338287353516,0.5765847563743591,1997
0.10769712924957275,0.11677926033735275,21.155338287353516,0.5765847563743591,1998
0.11227217316627502,0.11996109783649445,21.155338287353516,0.5765847563743591,1999
0.12134120613336563,0.11722081154584885,,,1901
0.12486104667186737,0.11698316782712936,,,1902
0.11143039166927338,0.11680494993925095,,,1903
0.11445827037096024,0.11567116528749466,,,1904
0.11676818132400513,0.11106228828430176,,,1905
0.11202335357666016,0.1125541627407074,,,1906
0.11173098534345627,0.11292298883199692,,,1907
0.1114734411239624,0.11006053537130356,,,1908
0.11587831377983093,0.11545104533433914,,,1909
0.11689906567335129,0.11949272453784943,,,1910
0.11008290946483612,0.110263891518116,,,1911
0.11151011288166046,0.11520678550004959,,,1912
0.10594087094068527,0.11132300645112991,,,1913
0.11296086758375168,0.11556512117385864,,,1914
0.11043412238359451,0.11127686500549316,,,1915
0.11804775148630142,0.11229956150054932,,,1916
0.1129671037197113,0.1129119023680687,,,1917
0.11316271126270294,0.11126045882701874,,,1918
0.1116081178188324,0.1126745417714119,,,1919
0.11013614386320114,0.11192813515663147,,,1920
0.11333060264587402,0.11302720010280609,,,1921
0.11893517524003983,0.11005419492721558,,,1922
0.10857497900724411,0.11228231340646744,,,1923
0.10510515421628952,0.11397488415241241,,,1924
0.10818960517644882,0.11134103685617447,,,1925
0.10552576184272766,0.11504902690649033,,,1926
0.10764051228761673,0.11107607930898666,,,1927
0.10679177194833755,0.10782917588949203,,,1928
0.10352078080177307,0.11368720978498459,,,1929
0.11274848133325577,0.10841919481754303,,,1930
0.10834404081106186,0.1128736361861229,,,1931
0.11273664981126785,0.1108778864145279,,,1932
0.11175073683261871,0.11364366114139557,,,1933
0.10781735181808472,0.11301565170288086,,,1934
0.11213627457618713,0.11474359780550003,,,1935
0.11506291478872299,0.11116485297679901,,,1936
0.10890582948923111,0.11355713754892349,,,1937
0.12011542916297913,0.11231306940317154,,,1938
0.11112681031227112,0.11385145783424377,,,1939
0.11456629633903503,0.1142629012465477,,,1940
0.11000244319438934,0.11104220151901245,,,1941
0.11413368582725525,0.11036086827516556,,,1942
0.10550710558891296,0.1106254830956459,,,1943
0.11470404267311096,0.1114039197564125,,,1944
0.10698643326759338,0.11135442554950714,,,1945
0.11733504384756088,0.11162246018648148,,,1946
0.11069411784410477,0.10938888043165207,,,1947
0.09995720535516739,0.10859747976064682,,,1948
0.1040196567773819,0.10990123450756073,,,1949
0.1075558140873909,0.11239460855722427,,,1950
0.11152365058660507,0.11012321710586548,,,1951
0.10799688845872879,0.11093781143426895,,,1952
0.11106257140636444,0.11161690205335617,,,1953
0.11140729486942291,0.1109916940331459,,,1954
0.10535548627376556,0.11056893318891525,,,1955
0.10333532094955444,0.10936826467514038,,,1956
0.1011798232793808,0.1078265830874443,,,1957
0.11394249647855759,0.10821586847305298,,,1958
0.10518066585063934,0.11276724189519882,,,1959
0.10517974942922592,0.11476698517799377,,,1960
0.1115080714225769,0.1106615662574768,,,1961
0.11078345030546188,0.10952091962099075,,,1962
0.10984207689762115,0.10720687359571457,,,1963
0.10403849929571152,0.11065280437469482,,,1964
0.10581359267234802,0.10960403829813004,,,1965
0.10799873620271683,0.11335207521915436,,,1966
0.11539766192436218,0.11191672086715698,,,1967
0.11330456286668777,0.11190664023160934,,,1968
0.10920702666044235,0.11233647912740707,,,1969
0.11357738077640533,0.11084455996751785,,,1970
0.1121649444103241,0.11575785279273987,,,1971
0.10778249055147171,0.11077813804149628,,,1972
0.11184041947126389,0.1142720952630043,,,1973
0.11153421550989151,0.11045756191015244,,,1974
0.10803288221359253,0.11482416093349457,,,1975
0.10755617171525955,0.10911070555448532,,,1976
0.11550069600343704,0.11210695654153824,,,1977
0.11479983478784561,0.11098185181617737,,,1978
0.11516410112380981,0.10920479148626328,,,1979
0.10707101970911026,0.1092793196439743,,,1980
0.11144156008958817,0.1129859909415245,,,1981
0.10669640451669693,0.11176173388957977,,,1982
0.10786507278680801,0.10968858003616333,,,1983
0.11016502976417542,0.11044006049633026,,,1984
0.11274221539497375,0.11172433197498322,,,1985
0.10569204390048981,0.10793440788984299,,,1986
0.11242613941431046,0.1120866984128952,,,1987
0.11230967938899994,0.11304990202188492,,,1988
0.10692383348941803,0.11158249527215958,,,1989
0.11389055103063583,0.11317496001720428,,,1990
0.11010567843914032,0.11044643074274063,,,1991
0.10757225751876831,0.10933355242013931,,,1992
0.10822931677103043,0.10795687139034271,,,1993
0.10756595432758331,0.1141568273305893,,,1994
0.11249346286058426,0.11416473239660263,,,1995
0.10365055501461029,0.11263968795537949,,,1996
0.10967095196247101,0.1116180345416069,,,1997
0.10602382570505142,0.11391458660364151,,,1998
0.10283377766609192,0.1138220727443695,,,1999
0.10967262089252472,0.11528831720352173,21.02445411682129,0.5872536897659302,2000
